2023/02/08-20:45:25.298219 2074f8600 RocksDB version: 6.12.7
2023/02/08-20:45:25.298640 2074f8600 Git sha rocksdb_build_git_sha:@0@
2023/02/08-20:45:25.298644 2074f8600 Compile date Jul 27 2021
2023/02/08-20:45:25.298659 2074f8600 DB SUMMARY
2023/02/08-20:45:25.298661 2074f8600 DB Session ID:  SLT21JSWT05D6CSAIGD5
2023/02/08-20:45:25.298718 2074f8600 CURRENT file:  CURRENT
2023/02/08-20:45:25.298719 2074f8600 IDENTITY file:  IDENTITY
2023/02/08-20:45:25.298783 2074f8600 MANIFEST file:  MANIFEST-000416 size: 7376 Bytes
2023/02/08-20:45:25.298785 2074f8600 SST files in /Users/lamiajabinrimty/Documents/Web development/TeestaBank/.dfx/state/replicated_state/node-100/ic_consensus_pool/consensus dir, Total Num: 10, files: 000422.sst 000424.sst 000426.sst 000428.sst 000430.sst 000432.sst 000434.sst 000436.sst 000438.sst 
2023/02/08-20:45:25.298786 2074f8600 Write Ahead Log file in /Users/lamiajabinrimty/Documents/Web development/TeestaBank/.dfx/state/replicated_state/node-100/ic_consensus_pool/consensus: 000417.log size: 597737 ; 000420.log size: 266186 ; 
2023/02/08-20:45:25.298788 2074f8600                         Options.error_if_exists: 0
2023/02/08-20:45:25.298790 2074f8600                       Options.create_if_missing: 1
2023/02/08-20:45:25.298791 2074f8600                         Options.paranoid_checks: 1
2023/02/08-20:45:25.298792 2074f8600                                     Options.env: 0x1052eb3f8
2023/02/08-20:45:25.298793 2074f8600                                      Options.fs: Posix File System
2023/02/08-20:45:25.298794 2074f8600                                Options.info_log: 0x7fa0ce817190
2023/02/08-20:45:25.298795 2074f8600                Options.max_file_opening_threads: 16
2023/02/08-20:45:25.298795 2074f8600                              Options.statistics: 0x0
2023/02/08-20:45:25.298796 2074f8600                               Options.use_fsync: 1
2023/02/08-20:45:25.298797 2074f8600                       Options.max_log_file_size: 0
2023/02/08-20:45:25.298798 2074f8600                  Options.max_manifest_file_size: 1073741824
2023/02/08-20:45:25.298798 2074f8600                   Options.log_file_time_to_roll: 0
2023/02/08-20:45:25.298799 2074f8600                       Options.keep_log_file_num: 1000
2023/02/08-20:45:25.298800 2074f8600                    Options.recycle_log_file_num: 0
2023/02/08-20:45:25.298801 2074f8600                         Options.allow_fallocate: 1
2023/02/08-20:45:25.298801 2074f8600                        Options.allow_mmap_reads: 0
2023/02/08-20:45:25.298802 2074f8600                       Options.allow_mmap_writes: 0
2023/02/08-20:45:25.298803 2074f8600                        Options.use_direct_reads: 0
2023/02/08-20:45:25.298803 2074f8600                        Options.use_direct_io_for_flush_and_compaction: 0
2023/02/08-20:45:25.298804 2074f8600          Options.create_missing_column_families: 1
2023/02/08-20:45:25.298805 2074f8600                              Options.db_log_dir: 
2023/02/08-20:45:25.298806 2074f8600                                 Options.wal_dir: /Users/lamiajabinrimty/Documents/Web development/TeestaBank/.dfx/state/replicated_state/node-100/ic_consensus_pool/consensus
2023/02/08-20:45:25.298806 2074f8600                Options.table_cache_numshardbits: 6
2023/02/08-20:45:25.298807 2074f8600                         Options.WAL_ttl_seconds: 0
2023/02/08-20:45:25.298808 2074f8600                       Options.WAL_size_limit_MB: 0
2023/02/08-20:45:25.298809 2074f8600                        Options.max_write_batch_group_size_bytes: 1048576
2023/02/08-20:45:25.298809 2074f8600             Options.manifest_preallocation_size: 4194304
2023/02/08-20:45:25.298810 2074f8600                     Options.is_fd_close_on_exec: 1
2023/02/08-20:45:25.298811 2074f8600                   Options.advise_random_on_open: 1
2023/02/08-20:45:25.298811 2074f8600                    Options.db_write_buffer_size: 0
2023/02/08-20:45:25.298812 2074f8600                    Options.write_buffer_manager: 0x7fa0ce8171e0
2023/02/08-20:45:25.298813 2074f8600         Options.access_hint_on_compaction_start: 1
2023/02/08-20:45:25.298814 2074f8600  Options.new_table_reader_for_compaction_inputs: 0
2023/02/08-20:45:25.298830 2074f8600           Options.random_access_max_buffer_size: 1048576
2023/02/08-20:45:25.298831 2074f8600                      Options.use_adaptive_mutex: 0
2023/02/08-20:45:25.298832 2074f8600                            Options.rate_limiter: 0x0
2023/02/08-20:45:25.298834 2074f8600     Options.sst_file_manager.rate_bytes_per_sec: 0
2023/02/08-20:45:25.298835 2074f8600                       Options.wal_recovery_mode: 2
2023/02/08-20:45:25.298835 2074f8600                  Options.enable_thread_tracking: 0
2023/02/08-20:45:25.298836 2074f8600                  Options.enable_pipelined_write: 0
2023/02/08-20:45:25.298837 2074f8600                  Options.unordered_write: 0
2023/02/08-20:45:25.298837 2074f8600         Options.allow_concurrent_memtable_write: 1
2023/02/08-20:45:25.298838 2074f8600      Options.enable_write_thread_adaptive_yield: 1
2023/02/08-20:45:25.298839 2074f8600             Options.write_thread_max_yield_usec: 100
2023/02/08-20:45:25.298840 2074f8600            Options.write_thread_slow_yield_usec: 3
2023/02/08-20:45:25.298840 2074f8600                               Options.row_cache: None
2023/02/08-20:45:25.298841 2074f8600                              Options.wal_filter: None
2023/02/08-20:45:25.298843 2074f8600             Options.avoid_flush_during_recovery: 0
2023/02/08-20:45:25.298843 2074f8600             Options.allow_ingest_behind: 0
2023/02/08-20:45:25.298844 2074f8600             Options.preserve_deletes: 0
2023/02/08-20:45:25.298845 2074f8600             Options.two_write_queues: 0
2023/02/08-20:45:25.298845 2074f8600             Options.manual_wal_flush: 0
2023/02/08-20:45:25.298846 2074f8600             Options.atomic_flush: 0
2023/02/08-20:45:25.298847 2074f8600             Options.avoid_unnecessary_blocking_io: 0
2023/02/08-20:45:25.298848 2074f8600                 Options.persist_stats_to_disk: 0
2023/02/08-20:45:25.298848 2074f8600                 Options.write_dbid_to_manifest: 0
2023/02/08-20:45:25.298849 2074f8600                 Options.log_readahead_size: 0
2023/02/08-20:45:25.298850 2074f8600                 Options.file_checksum_gen_factory: Unknown
2023/02/08-20:45:25.298852 2074f8600                 Options.best_efforts_recovery: 0
2023/02/08-20:45:25.298852 2074f8600                Options.max_bgerror_resume_count: 2147483647
2023/02/08-20:45:25.298853 2074f8600            Options.bgerror_resume_retry_interval: 1000000
2023/02/08-20:45:25.298854 2074f8600             Options.max_background_jobs: 2
2023/02/08-20:45:25.298855 2074f8600             Options.max_background_compactions: -1
2023/02/08-20:45:25.298855 2074f8600             Options.max_subcompactions: 1
2023/02/08-20:45:25.298856 2074f8600             Options.avoid_flush_during_shutdown: 0
2023/02/08-20:45:25.298857 2074f8600           Options.writable_file_max_buffer_size: 1048576
2023/02/08-20:45:25.298857 2074f8600             Options.delayed_write_rate : 16777216
2023/02/08-20:45:25.298858 2074f8600             Options.max_total_wal_size: 0
2023/02/08-20:45:25.298859 2074f8600             Options.delete_obsolete_files_period_micros: 21600000000
2023/02/08-20:45:25.298860 2074f8600                   Options.stats_dump_period_sec: 600
2023/02/08-20:45:25.298860 2074f8600                 Options.stats_persist_period_sec: 600
2023/02/08-20:45:25.298861 2074f8600                 Options.stats_history_buffer_size: 1048576
2023/02/08-20:45:25.298862 2074f8600                          Options.max_open_files: -1
2023/02/08-20:45:25.298863 2074f8600                          Options.bytes_per_sync: 0
2023/02/08-20:45:25.298864 2074f8600                      Options.wal_bytes_per_sync: 0
2023/02/08-20:45:25.298865 2074f8600                   Options.strict_bytes_per_sync: 0
2023/02/08-20:45:25.298866 2074f8600       Options.compaction_readahead_size: 0
2023/02/08-20:45:25.298866 2074f8600                  Options.max_background_flushes: -1
2023/02/08-20:45:25.298867 2074f8600 Compression algorithms supported:
2023/02/08-20:45:25.298869 2074f8600 	kZSTD supported: 1
2023/02/08-20:45:25.298878 2074f8600 	kZlibCompression supported: 1
2023/02/08-20:45:25.298884 2074f8600 	kXpressCompression supported: 0
2023/02/08-20:45:25.298884 2074f8600 	kSnappyCompression supported: 1
2023/02/08-20:45:25.298885 2074f8600 	kZSTDNotFinalCompression supported: 1
2023/02/08-20:45:25.298886 2074f8600 	kLZ4HCCompression supported: 1
2023/02/08-20:45:25.298887 2074f8600 	kLZ4Compression supported: 1
2023/02/08-20:45:25.298888 2074f8600 	kBZip2Compression supported: 1
2023/02/08-20:45:25.298891 2074f8600 Fast CRC32 supported: Supported on x86
2023/02/08-20:45:25.298987 2074f8600 [db/version_set.cc:4560] Recovering from manifest file: /Users/lamiajabinrimty/Documents/Web development/TeestaBank/.dfx/state/replicated_state/node-100/ic_consensus_pool/consensus/MANIFEST-000416
2023/02/08-20:45:25.299023 2074f8600 [db/column_family.cc:580] --------------- Options for column family [default]:
2023/02/08-20:45:25.299024 2074f8600               Options.comparator: leveldb.BytewiseComparator
2023/02/08-20:45:25.299025 2074f8600           Options.merge_operator: None
2023/02/08-20:45:25.299026 2074f8600        Options.compaction_filter: None
2023/02/08-20:45:25.299026 2074f8600        Options.compaction_filter_factory: None
2023/02/08-20:45:25.299027 2074f8600  Options.sst_partitioner_factory: None
2023/02/08-20:45:25.299028 2074f8600         Options.memtable_factory: SkipListFactory
2023/02/08-20:45:25.299029 2074f8600            Options.table_factory: BlockBasedTable
2023/02/08-20:45:25.299046 2074f8600            table_factory options:   flush_block_policy_factory: FlushBlockBySizePolicyFactory (0x7fa0ce816030)
  cache_index_and_filter_blocks: 0
  cache_index_and_filter_blocks_with_high_priority: 1
  pin_l0_filter_and_index_blocks_in_cache: 0
  pin_top_level_index_and_filter: 1
  index_type: 0
  data_block_index_type: 0
  index_shortening: 1
  data_block_hash_table_util_ratio: 0.750000
  hash_index_allow_collision: 1
  checksum: 1
  no_block_cache: 0
  block_cache: 0x7fa0ce816078
  block_cache_name: LRUCache
  block_cache_options:
    capacity : 8388608
    num_shard_bits : 4
    strict_capacity_limit : 0
    memory_allocator : None
    high_pri_pool_ratio: 0.000
  block_cache_compressed: 0x0
  persistent_cache: 0x0
  block_size: 4096
  block_size_deviation: 10
  block_restart_interval: 16
  index_block_restart_interval: 1
  metadata_block_size: 4096
  partition_filters: 0
  use_delta_encoding: 1
  filter_policy: nullptr
  whole_key_filtering: 1
  verify_compression: 0
  read_amp_bytes_per_bit: 0
  format_version: 4
  enable_index_compression: 1
  block_align: 0
2023/02/08-20:45:25.299047 2074f8600        Options.write_buffer_size: 67108864
2023/02/08-20:45:25.299048 2074f8600  Options.max_write_buffer_number: 2
2023/02/08-20:45:25.299050 2074f8600          Options.compression: Snappy
2023/02/08-20:45:25.299051 2074f8600                  Options.bottommost_compression: Disabled
2023/02/08-20:45:25.299051 2074f8600       Options.prefix_extractor: nullptr
2023/02/08-20:45:25.299052 2074f8600   Options.memtable_insert_with_hint_prefix_extractor: nullptr
2023/02/08-20:45:25.299053 2074f8600             Options.num_levels: 7
2023/02/08-20:45:25.299054 2074f8600        Options.min_write_buffer_number_to_merge: 1
2023/02/08-20:45:25.299054 2074f8600     Options.max_write_buffer_number_to_maintain: 0
2023/02/08-20:45:25.299055 2074f8600     Options.max_write_buffer_size_to_maintain: 0
2023/02/08-20:45:25.299056 2074f8600            Options.bottommost_compression_opts.window_bits: -14
2023/02/08-20:45:25.299056 2074f8600                  Options.bottommost_compression_opts.level: 32767
2023/02/08-20:45:25.299057 2074f8600               Options.bottommost_compression_opts.strategy: 0
2023/02/08-20:45:25.299058 2074f8600         Options.bottommost_compression_opts.max_dict_bytes: 0
2023/02/08-20:45:25.299059 2074f8600         Options.bottommost_compression_opts.zstd_max_train_bytes: 0
2023/02/08-20:45:25.299059 2074f8600         Options.bottommost_compression_opts.parallel_threads: 1
2023/02/08-20:45:25.299060 2074f8600                  Options.bottommost_compression_opts.enabled: false
2023/02/08-20:45:25.299069 2074f8600            Options.compression_opts.window_bits: -14
2023/02/08-20:45:25.299070 2074f8600                  Options.compression_opts.level: 32767
2023/02/08-20:45:25.299071 2074f8600               Options.compression_opts.strategy: 0
2023/02/08-20:45:25.299072 2074f8600         Options.compression_opts.max_dict_bytes: 0
2023/02/08-20:45:25.299072 2074f8600         Options.compression_opts.zstd_max_train_bytes: 0
2023/02/08-20:45:25.299073 2074f8600         Options.compression_opts.parallel_threads: 1
2023/02/08-20:45:25.299074 2074f8600                  Options.compression_opts.enabled: false
2023/02/08-20:45:25.299076 2074f8600      Options.level0_file_num_compaction_trigger: 4
2023/02/08-20:45:25.299076 2074f8600          Options.level0_slowdown_writes_trigger: 20
2023/02/08-20:45:25.299077 2074f8600              Options.level0_stop_writes_trigger: 36
2023/02/08-20:45:25.299078 2074f8600                   Options.target_file_size_base: 67108864
2023/02/08-20:45:25.299079 2074f8600             Options.target_file_size_multiplier: 1
2023/02/08-20:45:25.299079 2074f8600                Options.max_bytes_for_level_base: 268435456
2023/02/08-20:45:25.299080 2074f8600 Options.level_compaction_dynamic_level_bytes: 0
2023/02/08-20:45:25.299081 2074f8600          Options.max_bytes_for_level_multiplier: 10.000000
2023/02/08-20:45:25.299082 2074f8600 Options.max_bytes_for_level_multiplier_addtl[0]: 1
2023/02/08-20:45:25.299083 2074f8600 Options.max_bytes_for_level_multiplier_addtl[1]: 1
2023/02/08-20:45:25.299083 2074f8600 Options.max_bytes_for_level_multiplier_addtl[2]: 1
2023/02/08-20:45:25.299084 2074f8600 Options.max_bytes_for_level_multiplier_addtl[3]: 1
2023/02/08-20:45:25.299085 2074f8600 Options.max_bytes_for_level_multiplier_addtl[4]: 1
2023/02/08-20:45:25.299086 2074f8600 Options.max_bytes_for_level_multiplier_addtl[5]: 1
2023/02/08-20:45:25.299086 2074f8600 Options.max_bytes_for_level_multiplier_addtl[6]: 1
2023/02/08-20:45:25.299087 2074f8600       Options.max_sequential_skip_in_iterations: 8
2023/02/08-20:45:25.299088 2074f8600                    Options.max_compaction_bytes: 1677721600
2023/02/08-20:45:25.299088 2074f8600                        Options.arena_block_size: 8388608
2023/02/08-20:45:25.299089 2074f8600   Options.soft_pending_compaction_bytes_limit: 68719476736
2023/02/08-20:45:25.299090 2074f8600   Options.hard_pending_compaction_bytes_limit: 274877906944
2023/02/08-20:45:25.299091 2074f8600       Options.rate_limit_delay_max_milliseconds: 100
2023/02/08-20:45:25.299091 2074f8600                Options.disable_auto_compactions: 0
2023/02/08-20:45:25.299092 2074f8600                        Options.compaction_style: kCompactionStyleLevel
2023/02/08-20:45:25.299093 2074f8600                          Options.compaction_pri: kMinOverlappingRatio
2023/02/08-20:45:25.299094 2074f8600 Options.compaction_options_universal.size_ratio: 1
2023/02/08-20:45:25.299095 2074f8600 Options.compaction_options_universal.min_merge_width: 2
2023/02/08-20:45:25.299095 2074f8600 Options.compaction_options_universal.max_merge_width: 4294967295
2023/02/08-20:45:25.299096 2074f8600 Options.compaction_options_universal.max_size_amplification_percent: 200
2023/02/08-20:45:25.299097 2074f8600 Options.compaction_options_universal.compression_size_percent: -1
2023/02/08-20:45:25.299098 2074f8600 Options.compaction_options_universal.stop_style: kCompactionStopStyleTotalSize
2023/02/08-20:45:25.299099 2074f8600 Options.compaction_options_fifo.max_table_files_size: 1073741824
2023/02/08-20:45:25.299099 2074f8600 Options.compaction_options_fifo.allow_compaction: 0
2023/02/08-20:45:25.299103 2074f8600                   Options.table_properties_collectors: 
2023/02/08-20:45:25.299104 2074f8600                   Options.inplace_update_support: 0
2023/02/08-20:45:25.299104 2074f8600                 Options.inplace_update_num_locks: 10000
2023/02/08-20:45:25.299105 2074f8600               Options.memtable_prefix_bloom_size_ratio: 0.000000
2023/02/08-20:45:25.299114 2074f8600               Options.memtable_whole_key_filtering: 0
2023/02/08-20:45:25.299115 2074f8600   Options.memtable_huge_page_size: 0
2023/02/08-20:45:25.299116 2074f8600                           Options.bloom_locality: 0
2023/02/08-20:45:25.299116 2074f8600                    Options.max_successive_merges: 0
2023/02/08-20:45:25.299117 2074f8600                Options.optimize_filters_for_hits: 0
2023/02/08-20:45:25.299118 2074f8600                Options.paranoid_file_checks: 0
2023/02/08-20:45:25.299119 2074f8600                Options.force_consistency_checks: 0
2023/02/08-20:45:25.299119 2074f8600                Options.report_bg_io_stats: 0
2023/02/08-20:45:25.299120 2074f8600                               Options.ttl: 2592000
2023/02/08-20:45:25.299121 2074f8600          Options.periodic_compaction_seconds: 0
2023/02/08-20:45:25.299370 2074f8600 [db/column_family.cc:580] --------------- Options for column family [RB]:
2023/02/08-20:45:25.299373 2074f8600               Options.comparator: leveldb.BytewiseComparator
2023/02/08-20:45:25.299374 2074f8600           Options.merge_operator: None
2023/02/08-20:45:25.299376 2074f8600        Options.compaction_filter: filter_outdated
2023/02/08-20:45:25.299377 2074f8600        Options.compaction_filter_factory: None
2023/02/08-20:45:25.299378 2074f8600  Options.sst_partitioner_factory: None
2023/02/08-20:45:25.299378 2074f8600         Options.memtable_factory: SkipListFactory
2023/02/08-20:45:25.299379 2074f8600            Options.table_factory: BlockBasedTable
2023/02/08-20:45:25.299392 2074f8600            table_factory options:   flush_block_policy_factory: FlushBlockBySizePolicyFactory (0x7fa0ce80a080)
  cache_index_and_filter_blocks: 0
  cache_index_and_filter_blocks_with_high_priority: 1
  pin_l0_filter_and_index_blocks_in_cache: 0
  pin_top_level_index_and_filter: 1
  index_type: 0
  data_block_index_type: 0
  index_shortening: 1
  data_block_hash_table_util_ratio: 0.750000
  hash_index_allow_collision: 1
  checksum: 1
  no_block_cache: 0
  block_cache: 0x7fa0ce80d268
  block_cache_name: LRUCache
  block_cache_options:
    capacity : 8388608
    num_shard_bits : 4
    strict_capacity_limit : 0
    memory_allocator : None
    high_pri_pool_ratio: 0.000
  block_cache_compressed: 0x0
  persistent_cache: 0x0
  block_size: 4096
  block_size_deviation: 10
  block_restart_interval: 16
  index_block_restart_interval: 1
  metadata_block_size: 4096
  partition_filters: 0
  use_delta_encoding: 1
  filter_policy: nullptr
  whole_key_filtering: 1
  verify_compression: 0
  read_amp_bytes_per_bit: 0
  format_version: 4
  enable_index_compression: 1
  block_align: 0
2023/02/08-20:45:25.299394 2074f8600        Options.write_buffer_size: 67108864
2023/02/08-20:45:25.299395 2074f8600  Options.max_write_buffer_number: 2
2023/02/08-20:45:25.299396 2074f8600          Options.compression: NoCompression
2023/02/08-20:45:25.299397 2074f8600                  Options.bottommost_compression: Disabled
2023/02/08-20:45:25.299397 2074f8600       Options.prefix_extractor: nullptr
2023/02/08-20:45:25.299398 2074f8600   Options.memtable_insert_with_hint_prefix_extractor: nullptr
2023/02/08-20:45:25.299399 2074f8600             Options.num_levels: 7
2023/02/08-20:45:25.299399 2074f8600        Options.min_write_buffer_number_to_merge: 1
2023/02/08-20:45:25.299400 2074f8600     Options.max_write_buffer_number_to_maintain: 0
2023/02/08-20:45:25.299401 2074f8600     Options.max_write_buffer_size_to_maintain: 0
2023/02/08-20:45:25.299402 2074f8600            Options.bottommost_compression_opts.window_bits: -14
2023/02/08-20:45:25.299402 2074f8600                  Options.bottommost_compression_opts.level: 32767
2023/02/08-20:45:25.299403 2074f8600               Options.bottommost_compression_opts.strategy: 0
2023/02/08-20:45:25.299404 2074f8600         Options.bottommost_compression_opts.max_dict_bytes: 0
2023/02/08-20:45:25.299405 2074f8600         Options.bottommost_compression_opts.zstd_max_train_bytes: 0
2023/02/08-20:45:25.299405 2074f8600         Options.bottommost_compression_opts.parallel_threads: 1
2023/02/08-20:45:25.299417 2074f8600                  Options.bottommost_compression_opts.enabled: false
2023/02/08-20:45:25.299418 2074f8600            Options.compression_opts.window_bits: -14
2023/02/08-20:45:25.299419 2074f8600                  Options.compression_opts.level: 32767
2023/02/08-20:45:25.299420 2074f8600               Options.compression_opts.strategy: 0
2023/02/08-20:45:25.299421 2074f8600         Options.compression_opts.max_dict_bytes: 0
2023/02/08-20:45:25.299421 2074f8600         Options.compression_opts.zstd_max_train_bytes: 0
2023/02/08-20:45:25.299422 2074f8600         Options.compression_opts.parallel_threads: 1
2023/02/08-20:45:25.299423 2074f8600                  Options.compression_opts.enabled: false
2023/02/08-20:45:25.299423 2074f8600      Options.level0_file_num_compaction_trigger: 4
2023/02/08-20:45:25.299424 2074f8600          Options.level0_slowdown_writes_trigger: 20
2023/02/08-20:45:25.299425 2074f8600              Options.level0_stop_writes_trigger: 36
2023/02/08-20:45:25.299426 2074f8600                   Options.target_file_size_base: 67108864
2023/02/08-20:45:25.299426 2074f8600             Options.target_file_size_multiplier: 1
2023/02/08-20:45:25.299427 2074f8600                Options.max_bytes_for_level_base: 268435456
2023/02/08-20:45:25.299428 2074f8600 Options.level_compaction_dynamic_level_bytes: 0
2023/02/08-20:45:25.299428 2074f8600          Options.max_bytes_for_level_multiplier: 10.000000
2023/02/08-20:45:25.299429 2074f8600 Options.max_bytes_for_level_multiplier_addtl[0]: 1
2023/02/08-20:45:25.299430 2074f8600 Options.max_bytes_for_level_multiplier_addtl[1]: 1
2023/02/08-20:45:25.299431 2074f8600 Options.max_bytes_for_level_multiplier_addtl[2]: 1
2023/02/08-20:45:25.299432 2074f8600 Options.max_bytes_for_level_multiplier_addtl[3]: 1
2023/02/08-20:45:25.299433 2074f8600 Options.max_bytes_for_level_multiplier_addtl[4]: 1
2023/02/08-20:45:25.299433 2074f8600 Options.max_bytes_for_level_multiplier_addtl[5]: 1
2023/02/08-20:45:25.299434 2074f8600 Options.max_bytes_for_level_multiplier_addtl[6]: 1
2023/02/08-20:45:25.299435 2074f8600       Options.max_sequential_skip_in_iterations: 8
2023/02/08-20:45:25.299435 2074f8600                    Options.max_compaction_bytes: 1677721600
2023/02/08-20:45:25.299436 2074f8600                        Options.arena_block_size: 8388608
2023/02/08-20:45:25.299437 2074f8600   Options.soft_pending_compaction_bytes_limit: 68719476736
2023/02/08-20:45:25.299438 2074f8600   Options.hard_pending_compaction_bytes_limit: 274877906944
2023/02/08-20:45:25.299438 2074f8600       Options.rate_limit_delay_max_milliseconds: 100
2023/02/08-20:45:25.299439 2074f8600                Options.disable_auto_compactions: 1
2023/02/08-20:45:25.299440 2074f8600                        Options.compaction_style: kCompactionStyleLevel
2023/02/08-20:45:25.299441 2074f8600                          Options.compaction_pri: kMinOverlappingRatio
2023/02/08-20:45:25.299441 2074f8600 Options.compaction_options_universal.size_ratio: 1
2023/02/08-20:45:25.299442 2074f8600 Options.compaction_options_universal.min_merge_width: 2
2023/02/08-20:45:25.299443 2074f8600 Options.compaction_options_universal.max_merge_width: 4294967295
2023/02/08-20:45:25.299444 2074f8600 Options.compaction_options_universal.max_size_amplification_percent: 200
2023/02/08-20:45:25.299444 2074f8600 Options.compaction_options_universal.compression_size_percent: -1
2023/02/08-20:45:25.299445 2074f8600 Options.compaction_options_universal.stop_style: kCompactionStopStyleTotalSize
2023/02/08-20:45:25.299446 2074f8600 Options.compaction_options_fifo.max_table_files_size: 1073741824
2023/02/08-20:45:25.299447 2074f8600 Options.compaction_options_fifo.allow_compaction: 0
2023/02/08-20:45:25.299448 2074f8600                   Options.table_properties_collectors: 
2023/02/08-20:45:25.299448 2074f8600                   Options.inplace_update_support: 0
2023/02/08-20:45:25.299449 2074f8600                 Options.inplace_update_num_locks: 10000
2023/02/08-20:45:25.299450 2074f8600               Options.memtable_prefix_bloom_size_ratio: 0.000000
2023/02/08-20:45:25.299458 2074f8600               Options.memtable_whole_key_filtering: 0
2023/02/08-20:45:25.299459 2074f8600   Options.memtable_huge_page_size: 0
2023/02/08-20:45:25.299460 2074f8600                           Options.bloom_locality: 0
2023/02/08-20:45:25.299460 2074f8600                    Options.max_successive_merges: 0
2023/02/08-20:45:25.299461 2074f8600                Options.optimize_filters_for_hits: 0
2023/02/08-20:45:25.299462 2074f8600                Options.paranoid_file_checks: 0
2023/02/08-20:45:25.299462 2074f8600                Options.force_consistency_checks: 0
2023/02/08-20:45:25.299463 2074f8600                Options.report_bg_io_stats: 0
2023/02/08-20:45:25.299464 2074f8600                               Options.ttl: 2592000
2023/02/08-20:45:25.299465 2074f8600          Options.periodic_compaction_seconds: 2592000
2023/02/08-20:45:25.299498 2074f8600 [db/column_family.cc:580] --------------- Options for column family [FZ]:
2023/02/08-20:45:25.299499 2074f8600               Options.comparator: leveldb.BytewiseComparator
2023/02/08-20:45:25.299500 2074f8600           Options.merge_operator: None
2023/02/08-20:45:25.299501 2074f8600        Options.compaction_filter: filter_outdated
2023/02/08-20:45:25.299502 2074f8600        Options.compaction_filter_factory: None
2023/02/08-20:45:25.299502 2074f8600  Options.sst_partitioner_factory: None
2023/02/08-20:45:25.299503 2074f8600         Options.memtable_factory: SkipListFactory
2023/02/08-20:45:25.299504 2074f8600            Options.table_factory: BlockBasedTable
2023/02/08-20:45:25.299512 2074f8600            table_factory options:   flush_block_policy_factory: FlushBlockBySizePolicyFactory (0x7fa0ce80dde0)
  cache_index_and_filter_blocks: 0
  cache_index_and_filter_blocks_with_high_priority: 1
  pin_l0_filter_and_index_blocks_in_cache: 0
  pin_top_level_index_and_filter: 1
  index_type: 0
  data_block_index_type: 0
  index_shortening: 1
  data_block_hash_table_util_ratio: 0.750000
  hash_index_allow_collision: 1
  checksum: 1
  no_block_cache: 0
  block_cache: 0x7fa0ce80de28
  block_cache_name: LRUCache
  block_cache_options:
    capacity : 8388608
    num_shard_bits : 4
    strict_capacity_limit : 0
    memory_allocator : None
    high_pri_pool_ratio: 0.000
  block_cache_compressed: 0x0
  persistent_cache: 0x0
  block_size: 4096
  block_size_deviation: 10
  block_restart_interval: 16
  index_block_restart_interval: 1
  metadata_block_size: 4096
  partition_filters: 0
  use_delta_encoding: 1
  filter_policy: nullptr
  whole_key_filtering: 1
  verify_compression: 0
  read_amp_bytes_per_bit: 0
  format_version: 4
  enable_index_compression: 1
  block_align: 0
2023/02/08-20:45:25.299513 2074f8600        Options.write_buffer_size: 67108864
2023/02/08-20:45:25.299514 2074f8600  Options.max_write_buffer_number: 2
2023/02/08-20:45:25.299515 2074f8600          Options.compression: NoCompression
2023/02/08-20:45:25.299516 2074f8600                  Options.bottommost_compression: Disabled
2023/02/08-20:45:25.299516 2074f8600       Options.prefix_extractor: nullptr
2023/02/08-20:45:25.299517 2074f8600   Options.memtable_insert_with_hint_prefix_extractor: nullptr
2023/02/08-20:45:25.299518 2074f8600             Options.num_levels: 7
2023/02/08-20:45:25.299518 2074f8600        Options.min_write_buffer_number_to_merge: 1
2023/02/08-20:45:25.299519 2074f8600     Options.max_write_buffer_number_to_maintain: 0
2023/02/08-20:45:25.299520 2074f8600     Options.max_write_buffer_size_to_maintain: 0
2023/02/08-20:45:25.299521 2074f8600            Options.bottommost_compression_opts.window_bits: -14
2023/02/08-20:45:25.299521 2074f8600                  Options.bottommost_compression_opts.level: 32767
2023/02/08-20:45:25.299522 2074f8600               Options.bottommost_compression_opts.strategy: 0
2023/02/08-20:45:25.299523 2074f8600         Options.bottommost_compression_opts.max_dict_bytes: 0
2023/02/08-20:45:25.299524 2074f8600         Options.bottommost_compression_opts.zstd_max_train_bytes: 0
2023/02/08-20:45:25.299532 2074f8600         Options.bottommost_compression_opts.parallel_threads: 1
2023/02/08-20:45:25.299533 2074f8600                  Options.bottommost_compression_opts.enabled: false
2023/02/08-20:45:25.299534 2074f8600            Options.compression_opts.window_bits: -14
2023/02/08-20:45:25.299534 2074f8600                  Options.compression_opts.level: 32767
2023/02/08-20:45:25.299535 2074f8600               Options.compression_opts.strategy: 0
2023/02/08-20:45:25.299536 2074f8600         Options.compression_opts.max_dict_bytes: 0
2023/02/08-20:45:25.299537 2074f8600         Options.compression_opts.zstd_max_train_bytes: 0
2023/02/08-20:45:25.299537 2074f8600         Options.compression_opts.parallel_threads: 1
2023/02/08-20:45:25.299538 2074f8600                  Options.compression_opts.enabled: false
2023/02/08-20:45:25.299539 2074f8600      Options.level0_file_num_compaction_trigger: 4
2023/02/08-20:45:25.299539 2074f8600          Options.level0_slowdown_writes_trigger: 20
2023/02/08-20:45:25.299540 2074f8600              Options.level0_stop_writes_trigger: 36
2023/02/08-20:45:25.299541 2074f8600                   Options.target_file_size_base: 67108864
2023/02/08-20:45:25.299542 2074f8600             Options.target_file_size_multiplier: 1
2023/02/08-20:45:25.299542 2074f8600                Options.max_bytes_for_level_base: 268435456
2023/02/08-20:45:25.299543 2074f8600 Options.level_compaction_dynamic_level_bytes: 0
2023/02/08-20:45:25.299544 2074f8600          Options.max_bytes_for_level_multiplier: 10.000000
2023/02/08-20:45:25.299545 2074f8600 Options.max_bytes_for_level_multiplier_addtl[0]: 1
2023/02/08-20:45:25.299545 2074f8600 Options.max_bytes_for_level_multiplier_addtl[1]: 1
2023/02/08-20:45:25.299546 2074f8600 Options.max_bytes_for_level_multiplier_addtl[2]: 1
2023/02/08-20:45:25.299547 2074f8600 Options.max_bytes_for_level_multiplier_addtl[3]: 1
2023/02/08-20:45:25.299548 2074f8600 Options.max_bytes_for_level_multiplier_addtl[4]: 1
2023/02/08-20:45:25.299548 2074f8600 Options.max_bytes_for_level_multiplier_addtl[5]: 1
2023/02/08-20:45:25.299549 2074f8600 Options.max_bytes_for_level_multiplier_addtl[6]: 1
2023/02/08-20:45:25.299550 2074f8600       Options.max_sequential_skip_in_iterations: 8
2023/02/08-20:45:25.299550 2074f8600                    Options.max_compaction_bytes: 1677721600
2023/02/08-20:45:25.299551 2074f8600                        Options.arena_block_size: 8388608
2023/02/08-20:45:25.299552 2074f8600   Options.soft_pending_compaction_bytes_limit: 68719476736
2023/02/08-20:45:25.299553 2074f8600   Options.hard_pending_compaction_bytes_limit: 274877906944
2023/02/08-20:45:25.299553 2074f8600       Options.rate_limit_delay_max_milliseconds: 100
2023/02/08-20:45:25.299554 2074f8600                Options.disable_auto_compactions: 1
2023/02/08-20:45:25.299555 2074f8600                        Options.compaction_style: kCompactionStyleLevel
2023/02/08-20:45:25.299555 2074f8600                          Options.compaction_pri: kMinOverlappingRatio
2023/02/08-20:45:25.299556 2074f8600 Options.compaction_options_universal.size_ratio: 1
2023/02/08-20:45:25.299557 2074f8600 Options.compaction_options_universal.min_merge_width: 2
2023/02/08-20:45:25.299558 2074f8600 Options.compaction_options_universal.max_merge_width: 4294967295
2023/02/08-20:45:25.299558 2074f8600 Options.compaction_options_universal.max_size_amplification_percent: 200
2023/02/08-20:45:25.299559 2074f8600 Options.compaction_options_universal.compression_size_percent: -1
2023/02/08-20:45:25.299560 2074f8600 Options.compaction_options_universal.stop_style: kCompactionStopStyleTotalSize
2023/02/08-20:45:25.299561 2074f8600 Options.compaction_options_fifo.max_table_files_size: 1073741824
2023/02/08-20:45:25.299561 2074f8600 Options.compaction_options_fifo.allow_compaction: 0
2023/02/08-20:45:25.299562 2074f8600                   Options.table_properties_collectors: 
2023/02/08-20:45:25.299563 2074f8600                   Options.inplace_update_support: 0
2023/02/08-20:45:25.299564 2074f8600                 Options.inplace_update_num_locks: 10000
2023/02/08-20:45:25.299575 2074f8600               Options.memtable_prefix_bloom_size_ratio: 0.000000
2023/02/08-20:45:25.299576 2074f8600               Options.memtable_whole_key_filtering: 0
2023/02/08-20:45:25.299576 2074f8600   Options.memtable_huge_page_size: 0
2023/02/08-20:45:25.299577 2074f8600                           Options.bloom_locality: 0
2023/02/08-20:45:25.299578 2074f8600                    Options.max_successive_merges: 0
2023/02/08-20:45:25.299579 2074f8600                Options.optimize_filters_for_hits: 0
2023/02/08-20:45:25.299579 2074f8600                Options.paranoid_file_checks: 0
2023/02/08-20:45:25.299580 2074f8600                Options.force_consistency_checks: 0
2023/02/08-20:45:25.299581 2074f8600                Options.report_bg_io_stats: 0
2023/02/08-20:45:25.299581 2074f8600                               Options.ttl: 2592000
2023/02/08-20:45:25.299582 2074f8600          Options.periodic_compaction_seconds: 2592000
2023/02/08-20:45:25.299603 2074f8600 [db/column_family.cc:580] --------------- Options for column family [NZ]:
2023/02/08-20:45:25.299604 2074f8600               Options.comparator: leveldb.BytewiseComparator
2023/02/08-20:45:25.299605 2074f8600           Options.merge_operator: None
2023/02/08-20:45:25.299606 2074f8600        Options.compaction_filter: filter_outdated
2023/02/08-20:45:25.299606 2074f8600        Options.compaction_filter_factory: None
2023/02/08-20:45:25.299607 2074f8600  Options.sst_partitioner_factory: None
2023/02/08-20:45:25.299608 2074f8600         Options.memtable_factory: SkipListFactory
2023/02/08-20:45:25.299608 2074f8600            Options.table_factory: BlockBasedTable
2023/02/08-20:45:25.299616 2074f8600            table_factory options:   flush_block_policy_factory: FlushBlockBySizePolicyFactory (0x7fa0ce80e9a0)
  cache_index_and_filter_blocks: 0
  cache_index_and_filter_blocks_with_high_priority: 1
  pin_l0_filter_and_index_blocks_in_cache: 0
  pin_top_level_index_and_filter: 1
  index_type: 0
  data_block_index_type: 0
  index_shortening: 1
  data_block_hash_table_util_ratio: 0.750000
  hash_index_allow_collision: 1
  checksum: 1
  no_block_cache: 0
  block_cache: 0x7fa0ce80e9e8
  block_cache_name: LRUCache
  block_cache_options:
    capacity : 8388608
    num_shard_bits : 4
    strict_capacity_limit : 0
    memory_allocator : None
    high_pri_pool_ratio: 0.000
  block_cache_compressed: 0x0
  persistent_cache: 0x0
  block_size: 4096
  block_size_deviation: 10
  block_restart_interval: 16
  index_block_restart_interval: 1
  metadata_block_size: 4096
  partition_filters: 0
  use_delta_encoding: 1
  filter_policy: nullptr
  whole_key_filtering: 1
  verify_compression: 0
  read_amp_bytes_per_bit: 0
  format_version: 4
  enable_index_compression: 1
  block_align: 0
2023/02/08-20:45:25.299617 2074f8600        Options.write_buffer_size: 67108864
2023/02/08-20:45:25.299618 2074f8600  Options.max_write_buffer_number: 2
2023/02/08-20:45:25.299618 2074f8600          Options.compression: NoCompression
2023/02/08-20:45:25.299619 2074f8600                  Options.bottommost_compression: Disabled
2023/02/08-20:45:25.299620 2074f8600       Options.prefix_extractor: nullptr
2023/02/08-20:45:25.299621 2074f8600   Options.memtable_insert_with_hint_prefix_extractor: nullptr
2023/02/08-20:45:25.299621 2074f8600             Options.num_levels: 7
2023/02/08-20:45:25.299622 2074f8600        Options.min_write_buffer_number_to_merge: 1
2023/02/08-20:45:25.299623 2074f8600     Options.max_write_buffer_number_to_maintain: 0
2023/02/08-20:45:25.299623 2074f8600     Options.max_write_buffer_size_to_maintain: 0
2023/02/08-20:45:25.299624 2074f8600            Options.bottommost_compression_opts.window_bits: -14
2023/02/08-20:45:25.299625 2074f8600                  Options.bottommost_compression_opts.level: 32767
2023/02/08-20:45:25.299626 2074f8600               Options.bottommost_compression_opts.strategy: 0
2023/02/08-20:45:25.299626 2074f8600         Options.bottommost_compression_opts.max_dict_bytes: 0
2023/02/08-20:45:25.299627 2074f8600         Options.bottommost_compression_opts.zstd_max_train_bytes: 0
2023/02/08-20:45:25.299635 2074f8600         Options.bottommost_compression_opts.parallel_threads: 1
2023/02/08-20:45:25.299636 2074f8600                  Options.bottommost_compression_opts.enabled: false
2023/02/08-20:45:25.299636 2074f8600            Options.compression_opts.window_bits: -14
2023/02/08-20:45:25.299637 2074f8600                  Options.compression_opts.level: 32767
2023/02/08-20:45:25.299638 2074f8600               Options.compression_opts.strategy: 0
2023/02/08-20:45:25.299639 2074f8600         Options.compression_opts.max_dict_bytes: 0
2023/02/08-20:45:25.299639 2074f8600         Options.compression_opts.zstd_max_train_bytes: 0
2023/02/08-20:45:25.299640 2074f8600         Options.compression_opts.parallel_threads: 1
2023/02/08-20:45:25.299641 2074f8600                  Options.compression_opts.enabled: false
2023/02/08-20:45:25.299641 2074f8600      Options.level0_file_num_compaction_trigger: 4
2023/02/08-20:45:25.299642 2074f8600          Options.level0_slowdown_writes_trigger: 20
2023/02/08-20:45:25.299643 2074f8600              Options.level0_stop_writes_trigger: 36
2023/02/08-20:45:25.299643 2074f8600                   Options.target_file_size_base: 67108864
2023/02/08-20:45:25.299644 2074f8600             Options.target_file_size_multiplier: 1
2023/02/08-20:45:25.299645 2074f8600                Options.max_bytes_for_level_base: 268435456
2023/02/08-20:45:25.299646 2074f8600 Options.level_compaction_dynamic_level_bytes: 0
2023/02/08-20:45:25.299646 2074f8600          Options.max_bytes_for_level_multiplier: 10.000000
2023/02/08-20:45:25.299647 2074f8600 Options.max_bytes_for_level_multiplier_addtl[0]: 1
2023/02/08-20:45:25.299648 2074f8600 Options.max_bytes_for_level_multiplier_addtl[1]: 1
2023/02/08-20:45:25.299649 2074f8600 Options.max_bytes_for_level_multiplier_addtl[2]: 1
2023/02/08-20:45:25.299650 2074f8600 Options.max_bytes_for_level_multiplier_addtl[3]: 1
2023/02/08-20:45:25.299650 2074f8600 Options.max_bytes_for_level_multiplier_addtl[4]: 1
2023/02/08-20:45:25.299651 2074f8600 Options.max_bytes_for_level_multiplier_addtl[5]: 1
2023/02/08-20:45:25.299652 2074f8600 Options.max_bytes_for_level_multiplier_addtl[6]: 1
2023/02/08-20:45:25.299653 2074f8600       Options.max_sequential_skip_in_iterations: 8
2023/02/08-20:45:25.299653 2074f8600                    Options.max_compaction_bytes: 1677721600
2023/02/08-20:45:25.299654 2074f8600                        Options.arena_block_size: 8388608
2023/02/08-20:45:25.299655 2074f8600   Options.soft_pending_compaction_bytes_limit: 68719476736
2023/02/08-20:45:25.299655 2074f8600   Options.hard_pending_compaction_bytes_limit: 274877906944
2023/02/08-20:45:25.299656 2074f8600       Options.rate_limit_delay_max_milliseconds: 100
2023/02/08-20:45:25.299657 2074f8600                Options.disable_auto_compactions: 1
2023/02/08-20:45:25.299658 2074f8600                        Options.compaction_style: kCompactionStyleLevel
