2023/02/10-10:56:20.329255 209c98600 RocksDB version: 6.12.7
2023/02/10-10:56:20.329669 209c98600 Git sha rocksdb_build_git_sha:@0@
2023/02/10-10:56:20.329674 209c98600 Compile date Jul 27 2021
2023/02/10-10:56:20.329690 209c98600 DB SUMMARY
2023/02/10-10:56:20.329692 209c98600 DB Session ID:  VX6S5LWR8FQWZY1ROXNR
2023/02/10-10:56:20.329776 209c98600 CURRENT file:  CURRENT
2023/02/10-10:56:20.329777 209c98600 IDENTITY file:  IDENTITY
2023/02/10-10:56:20.329838 209c98600 MANIFEST file:  MANIFEST-000906 size: 6348 Bytes
2023/02/10-10:56:20.329840 209c98600 SST files in /Users/lamiajabinrimty/Documents/Web development/TeestaBank/.dfx/state/replicated_state/node-100/ic_consensus_pool/consensus dir, Total Num: 12, files: 000910.sst 000911.sst 000912.sst 000913.sst 000914.sst 000915.sst 000916.sst 000917.sst 000918.sst 
2023/02/10-10:56:20.329842 209c98600 Write Ahead Log file in /Users/lamiajabinrimty/Documents/Web development/TeestaBank/.dfx/state/replicated_state/node-100/ic_consensus_pool/consensus: 000907.log size: 3324744 ; 
2023/02/10-10:56:20.329844 209c98600                         Options.error_if_exists: 0
2023/02/10-10:56:20.329846 209c98600                       Options.create_if_missing: 1
2023/02/10-10:56:20.329847 209c98600                         Options.paranoid_checks: 1
2023/02/10-10:56:20.329848 209c98600                                     Options.env: 0x1077b83f8
2023/02/10-10:56:20.329849 209c98600                                      Options.fs: Posix File System
2023/02/10-10:56:20.329850 209c98600                                Options.info_log: 0x7fdde5f37600
2023/02/10-10:56:20.329851 209c98600                Options.max_file_opening_threads: 16
2023/02/10-10:56:20.329851 209c98600                              Options.statistics: 0x0
2023/02/10-10:56:20.329852 209c98600                               Options.use_fsync: 1
2023/02/10-10:56:20.329853 209c98600                       Options.max_log_file_size: 0
2023/02/10-10:56:20.329854 209c98600                  Options.max_manifest_file_size: 1073741824
2023/02/10-10:56:20.329855 209c98600                   Options.log_file_time_to_roll: 0
2023/02/10-10:56:20.329855 209c98600                       Options.keep_log_file_num: 1000
2023/02/10-10:56:20.329856 209c98600                    Options.recycle_log_file_num: 0
2023/02/10-10:56:20.329857 209c98600                         Options.allow_fallocate: 1
2023/02/10-10:56:20.329858 209c98600                        Options.allow_mmap_reads: 0
2023/02/10-10:56:20.329858 209c98600                       Options.allow_mmap_writes: 0
2023/02/10-10:56:20.329859 209c98600                        Options.use_direct_reads: 0
2023/02/10-10:56:20.329860 209c98600                        Options.use_direct_io_for_flush_and_compaction: 0
2023/02/10-10:56:20.329860 209c98600          Options.create_missing_column_families: 1
2023/02/10-10:56:20.329861 209c98600                              Options.db_log_dir: 
2023/02/10-10:56:20.329862 209c98600                                 Options.wal_dir: /Users/lamiajabinrimty/Documents/Web development/TeestaBank/.dfx/state/replicated_state/node-100/ic_consensus_pool/consensus
2023/02/10-10:56:20.329863 209c98600                Options.table_cache_numshardbits: 6
2023/02/10-10:56:20.329863 209c98600                         Options.WAL_ttl_seconds: 0
2023/02/10-10:56:20.329864 209c98600                       Options.WAL_size_limit_MB: 0
2023/02/10-10:56:20.329865 209c98600                        Options.max_write_batch_group_size_bytes: 1048576
2023/02/10-10:56:20.329866 209c98600             Options.manifest_preallocation_size: 4194304
2023/02/10-10:56:20.329866 209c98600                     Options.is_fd_close_on_exec: 1
2023/02/10-10:56:20.329867 209c98600                   Options.advise_random_on_open: 1
2023/02/10-10:56:20.329868 209c98600                    Options.db_write_buffer_size: 0
2023/02/10-10:56:20.329869 209c98600                    Options.write_buffer_manager: 0x7fdde5f37650
2023/02/10-10:56:20.329869 209c98600         Options.access_hint_on_compaction_start: 1
2023/02/10-10:56:20.329870 209c98600  Options.new_table_reader_for_compaction_inputs: 0
2023/02/10-10:56:20.329886 209c98600           Options.random_access_max_buffer_size: 1048576
2023/02/10-10:56:20.329887 209c98600                      Options.use_adaptive_mutex: 0
2023/02/10-10:56:20.329888 209c98600                            Options.rate_limiter: 0x0
2023/02/10-10:56:20.329890 209c98600     Options.sst_file_manager.rate_bytes_per_sec: 0
2023/02/10-10:56:20.329890 209c98600                       Options.wal_recovery_mode: 2
2023/02/10-10:56:20.329891 209c98600                  Options.enable_thread_tracking: 0
2023/02/10-10:56:20.329892 209c98600                  Options.enable_pipelined_write: 0
2023/02/10-10:56:20.329893 209c98600                  Options.unordered_write: 0
2023/02/10-10:56:20.329893 209c98600         Options.allow_concurrent_memtable_write: 1
2023/02/10-10:56:20.329894 209c98600      Options.enable_write_thread_adaptive_yield: 1
2023/02/10-10:56:20.329895 209c98600             Options.write_thread_max_yield_usec: 100
2023/02/10-10:56:20.329896 209c98600            Options.write_thread_slow_yield_usec: 3
2023/02/10-10:56:20.329896 209c98600                               Options.row_cache: None
2023/02/10-10:56:20.329897 209c98600                              Options.wal_filter: None
2023/02/10-10:56:20.329900 209c98600             Options.avoid_flush_during_recovery: 0
2023/02/10-10:56:20.329901 209c98600             Options.allow_ingest_behind: 0
2023/02/10-10:56:20.329901 209c98600             Options.preserve_deletes: 0
2023/02/10-10:56:20.329902 209c98600             Options.two_write_queues: 0
2023/02/10-10:56:20.329903 209c98600             Options.manual_wal_flush: 0
2023/02/10-10:56:20.329904 209c98600             Options.atomic_flush: 0
2023/02/10-10:56:20.329904 209c98600             Options.avoid_unnecessary_blocking_io: 0
2023/02/10-10:56:20.329905 209c98600                 Options.persist_stats_to_disk: 0
2023/02/10-10:56:20.329906 209c98600                 Options.write_dbid_to_manifest: 0
2023/02/10-10:56:20.329907 209c98600                 Options.log_readahead_size: 0
2023/02/10-10:56:20.329907 209c98600                 Options.file_checksum_gen_factory: Unknown
2023/02/10-10:56:20.329909 209c98600                 Options.best_efforts_recovery: 0
2023/02/10-10:56:20.329910 209c98600                Options.max_bgerror_resume_count: 2147483647
2023/02/10-10:56:20.329911 209c98600            Options.bgerror_resume_retry_interval: 1000000
2023/02/10-10:56:20.329911 209c98600             Options.max_background_jobs: 2
2023/02/10-10:56:20.329912 209c98600             Options.max_background_compactions: -1
2023/02/10-10:56:20.329913 209c98600             Options.max_subcompactions: 1
2023/02/10-10:56:20.329914 209c98600             Options.avoid_flush_during_shutdown: 0
2023/02/10-10:56:20.329914 209c98600           Options.writable_file_max_buffer_size: 1048576
2023/02/10-10:56:20.329915 209c98600             Options.delayed_write_rate : 16777216
2023/02/10-10:56:20.329916 209c98600             Options.max_total_wal_size: 0
2023/02/10-10:56:20.329917 209c98600             Options.delete_obsolete_files_period_micros: 21600000000
2023/02/10-10:56:20.329917 209c98600                   Options.stats_dump_period_sec: 600
2023/02/10-10:56:20.329918 209c98600                 Options.stats_persist_period_sec: 600
2023/02/10-10:56:20.329919 209c98600                 Options.stats_history_buffer_size: 1048576
2023/02/10-10:56:20.329920 209c98600                          Options.max_open_files: -1
2023/02/10-10:56:20.329921 209c98600                          Options.bytes_per_sync: 0
2023/02/10-10:56:20.329922 209c98600                      Options.wal_bytes_per_sync: 0
2023/02/10-10:56:20.329923 209c98600                   Options.strict_bytes_per_sync: 0
2023/02/10-10:56:20.329924 209c98600       Options.compaction_readahead_size: 0
2023/02/10-10:56:20.329925 209c98600                  Options.max_background_flushes: -1
2023/02/10-10:56:20.329925 209c98600 Compression algorithms supported:
2023/02/10-10:56:20.330141 209c98600 	kZSTD supported: 1
2023/02/10-10:56:20.330142 209c98600 	kZlibCompression supported: 1
2023/02/10-10:56:20.330158 209c98600 	kXpressCompression supported: 0
2023/02/10-10:56:20.330159 209c98600 	kSnappyCompression supported: 1
2023/02/10-10:56:20.330160 209c98600 	kZSTDNotFinalCompression supported: 1
2023/02/10-10:56:20.330161 209c98600 	kLZ4HCCompression supported: 1
2023/02/10-10:56:20.330162 209c98600 	kLZ4Compression supported: 1
2023/02/10-10:56:20.330162 209c98600 	kBZip2Compression supported: 1
2023/02/10-10:56:20.330165 209c98600 Fast CRC32 supported: Supported on x86
2023/02/10-10:56:20.330560 209c98600 [db/version_set.cc:4560] Recovering from manifest file: /Users/lamiajabinrimty/Documents/Web development/TeestaBank/.dfx/state/replicated_state/node-100/ic_consensus_pool/consensus/MANIFEST-000906
2023/02/10-10:56:20.330888 209c98600 [db/column_family.cc:580] --------------- Options for column family [default]:
2023/02/10-10:56:20.330889 209c98600               Options.comparator: leveldb.BytewiseComparator
2023/02/10-10:56:20.330890 209c98600           Options.merge_operator: None
2023/02/10-10:56:20.330891 209c98600        Options.compaction_filter: None
2023/02/10-10:56:20.330892 209c98600        Options.compaction_filter_factory: None
2023/02/10-10:56:20.330893 209c98600  Options.sst_partitioner_factory: None
2023/02/10-10:56:20.330893 209c98600         Options.memtable_factory: SkipListFactory
2023/02/10-10:56:20.330894 209c98600            Options.table_factory: BlockBasedTable
2023/02/10-10:56:20.330913 209c98600            table_factory options:   flush_block_policy_factory: FlushBlockBySizePolicyFactory (0x7fdde5f364a0)
  cache_index_and_filter_blocks: 0
  cache_index_and_filter_blocks_with_high_priority: 1
  pin_l0_filter_and_index_blocks_in_cache: 0
  pin_top_level_index_and_filter: 1
  index_type: 0
  data_block_index_type: 0
  index_shortening: 1
  data_block_hash_table_util_ratio: 0.750000
  hash_index_allow_collision: 1
  checksum: 1
  no_block_cache: 0
  block_cache: 0x7fdde5f364e8
  block_cache_name: LRUCache
  block_cache_options:
    capacity : 8388608
    num_shard_bits : 4
    strict_capacity_limit : 0
    memory_allocator : None
    high_pri_pool_ratio: 0.000
  block_cache_compressed: 0x0
  persistent_cache: 0x0
  block_size: 4096
  block_size_deviation: 10
  block_restart_interval: 16
  index_block_restart_interval: 1
  metadata_block_size: 4096
  partition_filters: 0
  use_delta_encoding: 1
  filter_policy: nullptr
  whole_key_filtering: 1
  verify_compression: 0
  read_amp_bytes_per_bit: 0
  format_version: 4
  enable_index_compression: 1
  block_align: 0
2023/02/10-10:56:20.330916 209c98600        Options.write_buffer_size: 67108864
2023/02/10-10:56:20.330917 209c98600  Options.max_write_buffer_number: 2
2023/02/10-10:56:20.330919 209c98600          Options.compression: Snappy
2023/02/10-10:56:20.330920 209c98600                  Options.bottommost_compression: Disabled
2023/02/10-10:56:20.330921 209c98600       Options.prefix_extractor: nullptr
2023/02/10-10:56:20.330921 209c98600   Options.memtable_insert_with_hint_prefix_extractor: nullptr
2023/02/10-10:56:20.330922 209c98600             Options.num_levels: 7
2023/02/10-10:56:20.330923 209c98600        Options.min_write_buffer_number_to_merge: 1
2023/02/10-10:56:20.330924 209c98600     Options.max_write_buffer_number_to_maintain: 0
2023/02/10-10:56:20.330924 209c98600     Options.max_write_buffer_size_to_maintain: 0
2023/02/10-10:56:20.330925 209c98600            Options.bottommost_compression_opts.window_bits: -14
2023/02/10-10:56:20.330926 209c98600                  Options.bottommost_compression_opts.level: 32767
2023/02/10-10:56:20.330927 209c98600               Options.bottommost_compression_opts.strategy: 0
2023/02/10-10:56:20.330927 209c98600         Options.bottommost_compression_opts.max_dict_bytes: 0
2023/02/10-10:56:20.330928 209c98600         Options.bottommost_compression_opts.zstd_max_train_bytes: 0
2023/02/10-10:56:20.330929 209c98600         Options.bottommost_compression_opts.parallel_threads: 1
2023/02/10-10:56:20.330930 209c98600                  Options.bottommost_compression_opts.enabled: false
2023/02/10-10:56:20.330939 209c98600            Options.compression_opts.window_bits: -14
2023/02/10-10:56:20.330940 209c98600                  Options.compression_opts.level: 32767
2023/02/10-10:56:20.330941 209c98600               Options.compression_opts.strategy: 0
2023/02/10-10:56:20.330941 209c98600         Options.compression_opts.max_dict_bytes: 0
2023/02/10-10:56:20.330942 209c98600         Options.compression_opts.zstd_max_train_bytes: 0
2023/02/10-10:56:20.330943 209c98600         Options.compression_opts.parallel_threads: 1
2023/02/10-10:56:20.330944 209c98600                  Options.compression_opts.enabled: false
2023/02/10-10:56:20.330945 209c98600      Options.level0_file_num_compaction_trigger: 4
2023/02/10-10:56:20.330946 209c98600          Options.level0_slowdown_writes_trigger: 20
2023/02/10-10:56:20.330947 209c98600              Options.level0_stop_writes_trigger: 36
2023/02/10-10:56:20.330948 209c98600                   Options.target_file_size_base: 67108864
2023/02/10-10:56:20.330948 209c98600             Options.target_file_size_multiplier: 1
2023/02/10-10:56:20.330949 209c98600                Options.max_bytes_for_level_base: 268435456
2023/02/10-10:56:20.330950 209c98600 Options.level_compaction_dynamic_level_bytes: 0
2023/02/10-10:56:20.330951 209c98600          Options.max_bytes_for_level_multiplier: 10.000000
2023/02/10-10:56:20.330952 209c98600 Options.max_bytes_for_level_multiplier_addtl[0]: 1
2023/02/10-10:56:20.330952 209c98600 Options.max_bytes_for_level_multiplier_addtl[1]: 1
2023/02/10-10:56:20.330953 209c98600 Options.max_bytes_for_level_multiplier_addtl[2]: 1
2023/02/10-10:56:20.330954 209c98600 Options.max_bytes_for_level_multiplier_addtl[3]: 1
2023/02/10-10:56:20.330955 209c98600 Options.max_bytes_for_level_multiplier_addtl[4]: 1
2023/02/10-10:56:20.330956 209c98600 Options.max_bytes_for_level_multiplier_addtl[5]: 1
2023/02/10-10:56:20.330956 209c98600 Options.max_bytes_for_level_multiplier_addtl[6]: 1
2023/02/10-10:56:20.330957 209c98600       Options.max_sequential_skip_in_iterations: 8
2023/02/10-10:56:20.330958 209c98600                    Options.max_compaction_bytes: 1677721600
2023/02/10-10:56:20.330959 209c98600                        Options.arena_block_size: 8388608
2023/02/10-10:56:20.330959 209c98600   Options.soft_pending_compaction_bytes_limit: 68719476736
2023/02/10-10:56:20.330960 209c98600   Options.hard_pending_compaction_bytes_limit: 274877906944
2023/02/10-10:56:20.330961 209c98600       Options.rate_limit_delay_max_milliseconds: 100
2023/02/10-10:56:20.330962 209c98600                Options.disable_auto_compactions: 0
2023/02/10-10:56:20.330963 209c98600                        Options.compaction_style: kCompactionStyleLevel
2023/02/10-10:56:20.330964 209c98600                          Options.compaction_pri: kMinOverlappingRatio
2023/02/10-10:56:20.330964 209c98600 Options.compaction_options_universal.size_ratio: 1
2023/02/10-10:56:20.330965 209c98600 Options.compaction_options_universal.min_merge_width: 2
2023/02/10-10:56:20.330966 209c98600 Options.compaction_options_universal.max_merge_width: 4294967295
2023/02/10-10:56:20.330967 209c98600 Options.compaction_options_universal.max_size_amplification_percent: 200
2023/02/10-10:56:20.330967 209c98600 Options.compaction_options_universal.compression_size_percent: -1
2023/02/10-10:56:20.330968 209c98600 Options.compaction_options_universal.stop_style: kCompactionStopStyleTotalSize
2023/02/10-10:56:20.330969 209c98600 Options.compaction_options_fifo.max_table_files_size: 1073741824
2023/02/10-10:56:20.330970 209c98600 Options.compaction_options_fifo.allow_compaction: 0
2023/02/10-10:56:20.330973 209c98600                   Options.table_properties_collectors: 
2023/02/10-10:56:20.330974 209c98600                   Options.inplace_update_support: 0
2023/02/10-10:56:20.330975 209c98600                 Options.inplace_update_num_locks: 10000
2023/02/10-10:56:20.330976 209c98600               Options.memtable_prefix_bloom_size_ratio: 0.000000
2023/02/10-10:56:20.330977 209c98600               Options.memtable_whole_key_filtering: 0
2023/02/10-10:56:20.330985 209c98600   Options.memtable_huge_page_size: 0
2023/02/10-10:56:20.330986 209c98600                           Options.bloom_locality: 0
2023/02/10-10:56:20.330987 209c98600                    Options.max_successive_merges: 0
2023/02/10-10:56:20.330988 209c98600                Options.optimize_filters_for_hits: 0
2023/02/10-10:56:20.330988 209c98600                Options.paranoid_file_checks: 0
2023/02/10-10:56:20.330989 209c98600                Options.force_consistency_checks: 0
2023/02/10-10:56:20.330990 209c98600                Options.report_bg_io_stats: 0
2023/02/10-10:56:20.330990 209c98600                               Options.ttl: 2592000
2023/02/10-10:56:20.330991 209c98600          Options.periodic_compaction_seconds: 0
2023/02/10-10:56:20.331200 209c98600 [db/column_family.cc:580] --------------- Options for column family [RB]:
2023/02/10-10:56:20.331202 209c98600               Options.comparator: leveldb.BytewiseComparator
2023/02/10-10:56:20.331203 209c98600           Options.merge_operator: None
2023/02/10-10:56:20.331204 209c98600        Options.compaction_filter: filter_outdated
2023/02/10-10:56:20.331205 209c98600        Options.compaction_filter_factory: None
2023/02/10-10:56:20.331206 209c98600  Options.sst_partitioner_factory: None
2023/02/10-10:56:20.331207 209c98600         Options.memtable_factory: SkipListFactory
2023/02/10-10:56:20.331207 209c98600            Options.table_factory: BlockBasedTable
2023/02/10-10:56:20.331218 209c98600            table_factory options:   flush_block_policy_factory: FlushBlockBySizePolicyFactory (0x7fdde5f2a400)
  cache_index_and_filter_blocks: 0
  cache_index_and_filter_blocks_with_high_priority: 1
  pin_l0_filter_and_index_blocks_in_cache: 0
  pin_top_level_index_and_filter: 1
  index_type: 0
  data_block_index_type: 0
  index_shortening: 1
  data_block_hash_table_util_ratio: 0.750000
  hash_index_allow_collision: 1
  checksum: 1
  no_block_cache: 0
  block_cache: 0x7fdde5f2d6d8
  block_cache_name: LRUCache
  block_cache_options:
    capacity : 8388608
    num_shard_bits : 4
    strict_capacity_limit : 0
    memory_allocator : None
    high_pri_pool_ratio: 0.000
  block_cache_compressed: 0x0
  persistent_cache: 0x0
  block_size: 4096
  block_size_deviation: 10
  block_restart_interval: 16
  index_block_restart_interval: 1
  metadata_block_size: 4096
  partition_filters: 0
  use_delta_encoding: 1
  filter_policy: nullptr
  whole_key_filtering: 1
  verify_compression: 0
  read_amp_bytes_per_bit: 0
  format_version: 4
  enable_index_compression: 1
  block_align: 0
2023/02/10-10:56:20.331219 209c98600        Options.write_buffer_size: 67108864
2023/02/10-10:56:20.331220 209c98600  Options.max_write_buffer_number: 2
2023/02/10-10:56:20.331221 209c98600          Options.compression: NoCompression
2023/02/10-10:56:20.331222 209c98600                  Options.bottommost_compression: Disabled
2023/02/10-10:56:20.331222 209c98600       Options.prefix_extractor: nullptr
2023/02/10-10:56:20.331223 209c98600   Options.memtable_insert_with_hint_prefix_extractor: nullptr
2023/02/10-10:56:20.331224 209c98600             Options.num_levels: 7
2023/02/10-10:56:20.331225 209c98600        Options.min_write_buffer_number_to_merge: 1
2023/02/10-10:56:20.331225 209c98600     Options.max_write_buffer_number_to_maintain: 0
2023/02/10-10:56:20.331226 209c98600     Options.max_write_buffer_size_to_maintain: 0
2023/02/10-10:56:20.331227 209c98600            Options.bottommost_compression_opts.window_bits: -14
2023/02/10-10:56:20.331228 209c98600                  Options.bottommost_compression_opts.level: 32767
2023/02/10-10:56:20.331229 209c98600               Options.bottommost_compression_opts.strategy: 0
2023/02/10-10:56:20.331229 209c98600         Options.bottommost_compression_opts.max_dict_bytes: 0
2023/02/10-10:56:20.331230 209c98600         Options.bottommost_compression_opts.zstd_max_train_bytes: 0
2023/02/10-10:56:20.331231 209c98600         Options.bottommost_compression_opts.parallel_threads: 1
2023/02/10-10:56:20.331240 209c98600                  Options.bottommost_compression_opts.enabled: false
2023/02/10-10:56:20.331241 209c98600            Options.compression_opts.window_bits: -14
2023/02/10-10:56:20.331242 209c98600                  Options.compression_opts.level: 32767
2023/02/10-10:56:20.331242 209c98600               Options.compression_opts.strategy: 0
2023/02/10-10:56:20.331243 209c98600         Options.compression_opts.max_dict_bytes: 0
2023/02/10-10:56:20.331244 209c98600         Options.compression_opts.zstd_max_train_bytes: 0
2023/02/10-10:56:20.331245 209c98600         Options.compression_opts.parallel_threads: 1
2023/02/10-10:56:20.331245 209c98600                  Options.compression_opts.enabled: false
2023/02/10-10:56:20.331246 209c98600      Options.level0_file_num_compaction_trigger: 4
2023/02/10-10:56:20.331247 209c98600          Options.level0_slowdown_writes_trigger: 20
2023/02/10-10:56:20.331248 209c98600              Options.level0_stop_writes_trigger: 36
2023/02/10-10:56:20.331248 209c98600                   Options.target_file_size_base: 67108864
2023/02/10-10:56:20.331249 209c98600             Options.target_file_size_multiplier: 1
2023/02/10-10:56:20.331250 209c98600                Options.max_bytes_for_level_base: 268435456
2023/02/10-10:56:20.331251 209c98600 Options.level_compaction_dynamic_level_bytes: 0
2023/02/10-10:56:20.331252 209c98600          Options.max_bytes_for_level_multiplier: 10.000000
2023/02/10-10:56:20.331253 209c98600 Options.max_bytes_for_level_multiplier_addtl[0]: 1
2023/02/10-10:56:20.331253 209c98600 Options.max_bytes_for_level_multiplier_addtl[1]: 1
2023/02/10-10:56:20.331254 209c98600 Options.max_bytes_for_level_multiplier_addtl[2]: 1
2023/02/10-10:56:20.331255 209c98600 Options.max_bytes_for_level_multiplier_addtl[3]: 1
2023/02/10-10:56:20.331256 209c98600 Options.max_bytes_for_level_multiplier_addtl[4]: 1
2023/02/10-10:56:20.331257 209c98600 Options.max_bytes_for_level_multiplier_addtl[5]: 1
2023/02/10-10:56:20.331257 209c98600 Options.max_bytes_for_level_multiplier_addtl[6]: 1
2023/02/10-10:56:20.331258 209c98600       Options.max_sequential_skip_in_iterations: 8
2023/02/10-10:56:20.331259 209c98600                    Options.max_compaction_bytes: 1677721600
2023/02/10-10:56:20.331260 209c98600                        Options.arena_block_size: 8388608
2023/02/10-10:56:20.331260 209c98600   Options.soft_pending_compaction_bytes_limit: 68719476736
2023/02/10-10:56:20.331261 209c98600   Options.hard_pending_compaction_bytes_limit: 274877906944
2023/02/10-10:56:20.331262 209c98600       Options.rate_limit_delay_max_milliseconds: 100
2023/02/10-10:56:20.331263 209c98600                Options.disable_auto_compactions: 1
2023/02/10-10:56:20.331264 209c98600                        Options.compaction_style: kCompactionStyleLevel
2023/02/10-10:56:20.331264 209c98600                          Options.compaction_pri: kMinOverlappingRatio
2023/02/10-10:56:20.331265 209c98600 Options.compaction_options_universal.size_ratio: 1
2023/02/10-10:56:20.331266 209c98600 Options.compaction_options_universal.min_merge_width: 2
2023/02/10-10:56:20.331267 209c98600 Options.compaction_options_universal.max_merge_width: 4294967295
2023/02/10-10:56:20.331268 209c98600 Options.compaction_options_universal.max_size_amplification_percent: 200
2023/02/10-10:56:20.331268 209c98600 Options.compaction_options_universal.compression_size_percent: -1
2023/02/10-10:56:20.331269 209c98600 Options.compaction_options_universal.stop_style: kCompactionStopStyleTotalSize
2023/02/10-10:56:20.331270 209c98600 Options.compaction_options_fifo.max_table_files_size: 1073741824
2023/02/10-10:56:20.331271 209c98600 Options.compaction_options_fifo.allow_compaction: 0
2023/02/10-10:56:20.331272 209c98600                   Options.table_properties_collectors: 
2023/02/10-10:56:20.331273 209c98600                   Options.inplace_update_support: 0
2023/02/10-10:56:20.331273 209c98600                 Options.inplace_update_num_locks: 10000
2023/02/10-10:56:20.331274 209c98600               Options.memtable_prefix_bloom_size_ratio: 0.000000
2023/02/10-10:56:20.331281 209c98600               Options.memtable_whole_key_filtering: 0
2023/02/10-10:56:20.331282 209c98600   Options.memtable_huge_page_size: 0
2023/02/10-10:56:20.331283 209c98600                           Options.bloom_locality: 0
2023/02/10-10:56:20.331284 209c98600                    Options.max_successive_merges: 0
2023/02/10-10:56:20.331285 209c98600                Options.optimize_filters_for_hits: 0
2023/02/10-10:56:20.331285 209c98600                Options.paranoid_file_checks: 0
2023/02/10-10:56:20.331286 209c98600                Options.force_consistency_checks: 0
2023/02/10-10:56:20.331287 209c98600                Options.report_bg_io_stats: 0
2023/02/10-10:56:20.331288 209c98600                               Options.ttl: 2592000
2023/02/10-10:56:20.331288 209c98600          Options.periodic_compaction_seconds: 2592000
2023/02/10-10:56:20.331465 209c98600 [db/column_family.cc:580] --------------- Options for column family [FZ]:
2023/02/10-10:56:20.331467 209c98600               Options.comparator: leveldb.BytewiseComparator
2023/02/10-10:56:20.331468 209c98600           Options.merge_operator: None
2023/02/10-10:56:20.331468 209c98600        Options.compaction_filter: filter_outdated
2023/02/10-10:56:20.331469 209c98600        Options.compaction_filter_factory: None
2023/02/10-10:56:20.331470 209c98600  Options.sst_partitioner_factory: None
2023/02/10-10:56:20.331471 209c98600         Options.memtable_factory: SkipListFactory
2023/02/10-10:56:20.331471 209c98600            Options.table_factory: BlockBasedTable
2023/02/10-10:56:20.331481 209c98600            table_factory options:   flush_block_policy_factory: FlushBlockBySizePolicyFactory (0x7fdde5f2e250)
  cache_index_and_filter_blocks: 0
  cache_index_and_filter_blocks_with_high_priority: 1
  pin_l0_filter_and_index_blocks_in_cache: 0
  pin_top_level_index_and_filter: 1
  index_type: 0
  data_block_index_type: 0
  index_shortening: 1
  data_block_hash_table_util_ratio: 0.750000
  hash_index_allow_collision: 1
  checksum: 1
  no_block_cache: 0
  block_cache: 0x7fdde5f2e298
  block_cache_name: LRUCache
  block_cache_options:
    capacity : 8388608
    num_shard_bits : 4
    strict_capacity_limit : 0
    memory_allocator : None
    high_pri_pool_ratio: 0.000
  block_cache_compressed: 0x0
  persistent_cache: 0x0
  block_size: 4096
  block_size_deviation: 10
  block_restart_interval: 16
  index_block_restart_interval: 1
  metadata_block_size: 4096
  partition_filters: 0
  use_delta_encoding: 1
  filter_policy: nullptr
  whole_key_filtering: 1
  verify_compression: 0
  read_amp_bytes_per_bit: 0
  format_version: 4
  enable_index_compression: 1
  block_align: 0
2023/02/10-10:56:20.331482 209c98600        Options.write_buffer_size: 67108864
2023/02/10-10:56:20.331483 209c98600  Options.max_write_buffer_number: 2
2023/02/10-10:56:20.331484 209c98600          Options.compression: NoCompression
2023/02/10-10:56:20.331485 209c98600                  Options.bottommost_compression: Disabled
2023/02/10-10:56:20.331485 209c98600       Options.prefix_extractor: nullptr
2023/02/10-10:56:20.331486 209c98600   Options.memtable_insert_with_hint_prefix_extractor: nullptr
2023/02/10-10:56:20.331487 209c98600             Options.num_levels: 7
2023/02/10-10:56:20.331488 209c98600        Options.min_write_buffer_number_to_merge: 1
2023/02/10-10:56:20.331488 209c98600     Options.max_write_buffer_number_to_maintain: 0
2023/02/10-10:56:20.331489 209c98600     Options.max_write_buffer_size_to_maintain: 0
2023/02/10-10:56:20.331490 209c98600            Options.bottommost_compression_opts.window_bits: -14
2023/02/10-10:56:20.331491 209c98600                  Options.bottommost_compression_opts.level: 32767
2023/02/10-10:56:20.331492 209c98600               Options.bottommost_compression_opts.strategy: 0
2023/02/10-10:56:20.331492 209c98600         Options.bottommost_compression_opts.max_dict_bytes: 0
2023/02/10-10:56:20.331493 209c98600         Options.bottommost_compression_opts.zstd_max_train_bytes: 0
2023/02/10-10:56:20.331494 209c98600         Options.bottommost_compression_opts.parallel_threads: 1
2023/02/10-10:56:20.331503 209c98600                  Options.bottommost_compression_opts.enabled: false
2023/02/10-10:56:20.331504 209c98600            Options.compression_opts.window_bits: -14
2023/02/10-10:56:20.331504 209c98600                  Options.compression_opts.level: 32767
2023/02/10-10:56:20.331505 209c98600               Options.compression_opts.strategy: 0
2023/02/10-10:56:20.331506 209c98600         Options.compression_opts.max_dict_bytes: 0
2023/02/10-10:56:20.331507 209c98600         Options.compression_opts.zstd_max_train_bytes: 0
2023/02/10-10:56:20.331507 209c98600         Options.compression_opts.parallel_threads: 1
2023/02/10-10:56:20.331508 209c98600                  Options.compression_opts.enabled: false
2023/02/10-10:56:20.331509 209c98600      Options.level0_file_num_compaction_trigger: 4
2023/02/10-10:56:20.331510 209c98600          Options.level0_slowdown_writes_trigger: 20
2023/02/10-10:56:20.331510 209c98600              Options.level0_stop_writes_trigger: 36
2023/02/10-10:56:20.331511 209c98600                   Options.target_file_size_base: 67108864
2023/02/10-10:56:20.331512 209c98600             Options.target_file_size_multiplier: 1
2023/02/10-10:56:20.331513 209c98600                Options.max_bytes_for_level_base: 268435456
2023/02/10-10:56:20.331514 209c98600 Options.level_compaction_dynamic_level_bytes: 0
2023/02/10-10:56:20.331514 209c98600          Options.max_bytes_for_level_multiplier: 10.000000
2023/02/10-10:56:20.331515 209c98600 Options.max_bytes_for_level_multiplier_addtl[0]: 1
2023/02/10-10:56:20.331516 209c98600 Options.max_bytes_for_level_multiplier_addtl[1]: 1
2023/02/10-10:56:20.331517 209c98600 Options.max_bytes_for_level_multiplier_addtl[2]: 1
2023/02/10-10:56:20.331518 209c98600 Options.max_bytes_for_level_multiplier_addtl[3]: 1
2023/02/10-10:56:20.331518 209c98600 Options.max_bytes_for_level_multiplier_addtl[4]: 1
2023/02/10-10:56:20.331519 209c98600 Options.max_bytes_for_level_multiplier_addtl[5]: 1
2023/02/10-10:56:20.331520 209c98600 Options.max_bytes_for_level_multiplier_addtl[6]: 1
2023/02/10-10:56:20.331521 209c98600       Options.max_sequential_skip_in_iterations: 8
2023/02/10-10:56:20.331521 209c98600                    Options.max_compaction_bytes: 1677721600
2023/02/10-10:56:20.331522 209c98600                        Options.arena_block_size: 8388608
2023/02/10-10:56:20.331523 209c98600   Options.soft_pending_compaction_bytes_limit: 68719476736
2023/02/10-10:56:20.331524 209c98600   Options.hard_pending_compaction_bytes_limit: 274877906944
2023/02/10-10:56:20.331525 209c98600       Options.rate_limit_delay_max_milliseconds: 100
2023/02/10-10:56:20.331525 209c98600                Options.disable_auto_compactions: 1
2023/02/10-10:56:20.331526 209c98600                        Options.compaction_style: kCompactionStyleLevel
2023/02/10-10:56:20.331527 209c98600                          Options.compaction_pri: kMinOverlappingRatio
2023/02/10-10:56:20.331528 209c98600 Options.compaction_options_universal.size_ratio: 1
2023/02/10-10:56:20.331528 209c98600 Options.compaction_options_universal.min_merge_width: 2
2023/02/10-10:56:20.331529 209c98600 Options.compaction_options_universal.max_merge_width: 4294967295
2023/02/10-10:56:20.331530 209c98600 Options.compaction_options_universal.max_size_amplification_percent: 200
2023/02/10-10:56:20.331531 209c98600 Options.compaction_options_universal.compression_size_percent: -1
2023/02/10-10:56:20.331532 209c98600 Options.compaction_options_universal.stop_style: kCompactionStopStyleTotalSize
2023/02/10-10:56:20.331533 209c98600 Options.compaction_options_fifo.max_table_files_size: 1073741824
2023/02/10-10:56:20.331533 209c98600 Options.compaction_options_fifo.allow_compaction: 0
2023/02/10-10:56:20.331534 209c98600                   Options.table_properties_collectors: 
2023/02/10-10:56:20.331535 209c98600                   Options.inplace_update_support: 0
2023/02/10-10:56:20.331536 209c98600                 Options.inplace_update_num_locks: 10000
2023/02/10-10:56:20.331544 209c98600               Options.memtable_prefix_bloom_size_ratio: 0.000000
2023/02/10-10:56:20.331545 209c98600               Options.memtable_whole_key_filtering: 0
2023/02/10-10:56:20.331546 209c98600   Options.memtable_huge_page_size: 0
2023/02/10-10:56:20.331547 209c98600                           Options.bloom_locality: 0
2023/02/10-10:56:20.331548 209c98600                    Options.max_successive_merges: 0
2023/02/10-10:56:20.331548 209c98600                Options.optimize_filters_for_hits: 0
2023/02/10-10:56:20.331549 209c98600                Options.paranoid_file_checks: 0
2023/02/10-10:56:20.331550 209c98600                Options.force_consistency_checks: 0
2023/02/10-10:56:20.331551 209c98600                Options.report_bg_io_stats: 0
2023/02/10-10:56:20.331551 209c98600                               Options.ttl: 2592000
2023/02/10-10:56:20.331552 209c98600          Options.periodic_compaction_seconds: 2592000
2023/02/10-10:56:20.331576 209c98600 [db/column_family.cc:580] --------------- Options for column family [NZ]:
2023/02/10-10:56:20.331577 209c98600               Options.comparator: leveldb.BytewiseComparator
2023/02/10-10:56:20.331578 209c98600           Options.merge_operator: None
2023/02/10-10:56:20.331579 209c98600        Options.compaction_filter: filter_outdated
2023/02/10-10:56:20.331580 209c98600        Options.compaction_filter_factory: None
2023/02/10-10:56:20.331581 209c98600  Options.sst_partitioner_factory: None
2023/02/10-10:56:20.331581 209c98600         Options.memtable_factory: SkipListFactory
2023/02/10-10:56:20.331582 209c98600            Options.table_factory: BlockBasedTable
2023/02/10-10:56:20.331590 209c98600            table_factory options:   flush_block_policy_factory: FlushBlockBySizePolicyFactory (0x7fdde5f2ee10)
  cache_index_and_filter_blocks: 0
  cache_index_and_filter_blocks_with_high_priority: 1
  pin_l0_filter_and_index_blocks_in_cache: 0
  pin_top_level_index_and_filter: 1
  index_type: 0
  data_block_index_type: 0
  index_shortening: 1
  data_block_hash_table_util_ratio: 0.750000
  hash_index_allow_collision: 1
  checksum: 1
  no_block_cache: 0
  block_cache: 0x7fdde5f2ee58
  block_cache_name: LRUCache
  block_cache_options:
    capacity : 8388608
    num_shard_bits : 4
    strict_capacity_limit : 0
    memory_allocator : None
    high_pri_pool_ratio: 0.000
  block_cache_compressed: 0x0
  persistent_cache: 0x0
  block_size: 4096
  block_size_deviation: 10
  block_restart_interval: 16
  index_block_restart_interval: 1
  metadata_block_size: 4096
  partition_filters: 0
  use_delta_encoding: 1
  filter_policy: nullptr
  whole_key_filtering: 1
  verify_compression: 0
  read_amp_bytes_per_bit: 0
  format_version: 4
  enable_index_compression: 1
  block_align: 0
2023/02/10-10:56:20.331591 209c98600        Options.write_buffer_size: 67108864
2023/02/10-10:56:20.331592 209c98600  Options.max_write_buffer_number: 2
2023/02/10-10:56:20.331593 209c98600          Options.compression: NoCompression
2023/02/10-10:56:20.331594 209c98600                  Options.bottommost_compression: Disabled
2023/02/10-10:56:20.331594 209c98600       Options.prefix_extractor: nullptr
2023/02/10-10:56:20.331595 209c98600   Options.memtable_insert_with_hint_prefix_extractor: nullptr
2023/02/10-10:56:20.331596 209c98600             Options.num_levels: 7
2023/02/10-10:56:20.331597 209c98600        Options.min_write_buffer_number_to_merge: 1
2023/02/10-10:56:20.331598 209c98600     Options.max_write_buffer_number_to_maintain: 0
2023/02/10-10:56:20.331598 209c98600     Options.max_write_buffer_size_to_maintain: 0
2023/02/10-10:56:20.331599 209c98600            Options.bottommost_compression_opts.window_bits: -14
2023/02/10-10:56:20.331600 209c98600                  Options.bottommost_compression_opts.level: 32767
2023/02/10-10:56:20.331601 209c98600               Options.bottommost_compression_opts.strategy: 0
2023/02/10-10:56:20.331601 209c98600         Options.bottommost_compression_opts.max_dict_bytes: 0
2023/02/10-10:56:20.331602 209c98600         Options.bottommost_compression_opts.zstd_max_train_bytes: 0
2023/02/10-10:56:20.331610 209c98600         Options.bottommost_compression_opts.parallel_threads: 1
2023/02/10-10:56:20.331611 209c98600                  Options.bottommost_compression_opts.enabled: false
2023/02/10-10:56:20.331612 209c98600            Options.compression_opts.window_bits: -14
2023/02/10-10:56:20.331613 209c98600                  Options.compression_opts.level: 32767
2023/02/10-10:56:20.331614 209c98600               Options.compression_opts.strategy: 0
2023/02/10-10:56:20.331614 209c98600         Options.compression_opts.max_dict_bytes: 0
2023/02/10-10:56:20.331615 209c98600         Options.compression_opts.zstd_max_train_bytes: 0
2023/02/10-10:56:20.331616 209c98600         Options.compression_opts.parallel_threads: 1
2023/02/10-10:56:20.331617 209c98600                  Options.compression_opts.enabled: false
2023/02/10-10:56:20.331617 209c98600      Options.level0_file_num_compaction_trigger: 4
2023/02/10-10:56:20.331618 209c98600          Options.level0_slowdown_writes_trigger: 20
2023/02/10-10:56:20.331619 209c98600              Options.level0_stop_writes_trigger: 36
2023/02/10-10:56:20.331620 209c98600                   Options.target_file_size_base: 67108864
2023/02/10-10:56:20.331620 209c98600             Options.target_file_size_multiplier: 1
2023/02/10-10:56:20.331621 209c98600                Options.max_bytes_for_level_base: 268435456
2023/02/10-10:56:20.331622 209c98600 Options.level_compaction_dynamic_level_bytes: 0
2023/02/10-10:56:20.331623 209c98600          Options.max_bytes_for_level_multiplier: 10.000000
2023/02/10-10:56:20.331624 209c98600 Options.max_bytes_for_level_multiplier_addtl[0]: 1
2023/02/10-10:56:20.331624 209c98600 Options.max_bytes_for_level_multiplier_addtl[1]: 1
2023/02/10-10:56:20.331625 209c98600 Options.max_bytes_for_level_multiplier_addtl[2]: 1
2023/02/10-10:56:20.331626 209c98600 Options.max_bytes_for_level_multiplier_addtl[3]: 1
2023/02/10-10:56:20.331627 209c98600 Options.max_bytes_for_level_multiplier_addtl[4]: 1
2023/02/10-10:56:20.331627 209c98600 Options.max_bytes_for_level_multiplier_addtl[5]: 1
2023/02/10-10:56:20.331628 209c98600 Options.max_bytes_for_level_multiplier_addtl[6]: 1
2023/02/10-10:56:20.331629 209c98600       Options.max_sequential_skip_in_iterations: 8
2023/02/10-10:56:20.331630 209c98600                    Options.max_compaction_bytes: 1677721600
2023/02/10-10:56:20.331631 209c98600                        Options.arena_block_size: 8388608
2023/02/10-10:56:20.331631 209c98600   Options.soft_pending_compaction_bytes_limit: 68719476736
2023/02/10-10:56:20.331632 209c98600   Options.hard_pending_compaction_bytes_limit: 274877906944
2023/02/10-10:56:20.331633 209c98600       Options.rate_limit_delay_max_milliseconds: 100
2023/02/10-10:56:20.331634 209c98600                Options.disable_auto_compactions: 1
2023/02/10-10:56:20.331634 209c98600                        Options.compaction_style: kCompactionStyleLevel
