2023/02/10-10:56:20.362216 209c98600 RocksDB version: 6.12.7
2023/02/10-10:56:20.362236 209c98600 Git sha rocksdb_build_git_sha:@0@
2023/02/10-10:56:20.362237 209c98600 Compile date Jul 27 2021
2023/02/10-10:56:20.362246 209c98600 DB SUMMARY
2023/02/10-10:56:20.362247 209c98600 DB Session ID:  WDT5TY0BTFMXLJQYUY3W
2023/02/10-10:56:20.362289 209c98600 CURRENT file:  CURRENT
2023/02/10-10:56:20.362290 209c98600 IDENTITY file:  IDENTITY
2023/02/10-10:56:20.362294 209c98600 MANIFEST file:  MANIFEST-000250 size: 1112 Bytes
2023/02/10-10:56:20.362296 209c98600 SST files in /Users/lamiajabinrimty/Documents/Web development/TeestaBank/.dfx/state/replicated_state/node-100/ic_consensus_pool/certification dir, Total Num: 2, files: 000254.sst 000255.sst 
2023/02/10-10:56:20.362297 209c98600 Write Ahead Log file in /Users/lamiajabinrimty/Documents/Web development/TeestaBank/.dfx/state/replicated_state/node-100/ic_consensus_pool/certification: 000251.log size: 236905 ; 
2023/02/10-10:56:20.362299 209c98600                         Options.error_if_exists: 0
2023/02/10-10:56:20.362300 209c98600                       Options.create_if_missing: 1
2023/02/10-10:56:20.362301 209c98600                         Options.paranoid_checks: 1
2023/02/10-10:56:20.362302 209c98600                                     Options.env: 0x1077b83f8
2023/02/10-10:56:20.362303 209c98600                                      Options.fs: Posix File System
2023/02/10-10:56:20.362304 209c98600                                Options.info_log: 0x7fdde5f6fae0
2023/02/10-10:56:20.362304 209c98600                Options.max_file_opening_threads: 16
2023/02/10-10:56:20.362305 209c98600                              Options.statistics: 0x0
2023/02/10-10:56:20.362306 209c98600                               Options.use_fsync: 1
2023/02/10-10:56:20.362307 209c98600                       Options.max_log_file_size: 0
2023/02/10-10:56:20.362307 209c98600                  Options.max_manifest_file_size: 1073741824
2023/02/10-10:56:20.362308 209c98600                   Options.log_file_time_to_roll: 0
2023/02/10-10:56:20.362309 209c98600                       Options.keep_log_file_num: 1000
2023/02/10-10:56:20.362310 209c98600                    Options.recycle_log_file_num: 0
2023/02/10-10:56:20.362310 209c98600                         Options.allow_fallocate: 1
2023/02/10-10:56:20.362311 209c98600                        Options.allow_mmap_reads: 0
2023/02/10-10:56:20.362312 209c98600                       Options.allow_mmap_writes: 0
2023/02/10-10:56:20.362313 209c98600                        Options.use_direct_reads: 0
2023/02/10-10:56:20.362313 209c98600                        Options.use_direct_io_for_flush_and_compaction: 0
2023/02/10-10:56:20.362314 209c98600          Options.create_missing_column_families: 1
2023/02/10-10:56:20.362315 209c98600                              Options.db_log_dir: 
2023/02/10-10:56:20.362316 209c98600                                 Options.wal_dir: /Users/lamiajabinrimty/Documents/Web development/TeestaBank/.dfx/state/replicated_state/node-100/ic_consensus_pool/certification
2023/02/10-10:56:20.362316 209c98600                Options.table_cache_numshardbits: 6
2023/02/10-10:56:20.362317 209c98600                         Options.WAL_ttl_seconds: 0
2023/02/10-10:56:20.362318 209c98600                       Options.WAL_size_limit_MB: 0
2023/02/10-10:56:20.362319 209c98600                        Options.max_write_batch_group_size_bytes: 1048576
2023/02/10-10:56:20.362320 209c98600             Options.manifest_preallocation_size: 4194304
2023/02/10-10:56:20.362321 209c98600                     Options.is_fd_close_on_exec: 1
2023/02/10-10:56:20.362321 209c98600                   Options.advise_random_on_open: 1
2023/02/10-10:56:20.362322 209c98600                    Options.db_write_buffer_size: 0
2023/02/10-10:56:20.362323 209c98600                    Options.write_buffer_manager: 0x7fdde5f6fb30
2023/02/10-10:56:20.362323 209c98600         Options.access_hint_on_compaction_start: 1
2023/02/10-10:56:20.362324 209c98600  Options.new_table_reader_for_compaction_inputs: 0
2023/02/10-10:56:20.362325 209c98600           Options.random_access_max_buffer_size: 1048576
2023/02/10-10:56:20.362337 209c98600                      Options.use_adaptive_mutex: 0
2023/02/10-10:56:20.362338 209c98600                            Options.rate_limiter: 0x0
2023/02/10-10:56:20.362339 209c98600     Options.sst_file_manager.rate_bytes_per_sec: 0
2023/02/10-10:56:20.362339 209c98600                       Options.wal_recovery_mode: 2
2023/02/10-10:56:20.362340 209c98600                  Options.enable_thread_tracking: 0
2023/02/10-10:56:20.362341 209c98600                  Options.enable_pipelined_write: 0
2023/02/10-10:56:20.362341 209c98600                  Options.unordered_write: 0
2023/02/10-10:56:20.362342 209c98600         Options.allow_concurrent_memtable_write: 1
2023/02/10-10:56:20.362343 209c98600      Options.enable_write_thread_adaptive_yield: 1
2023/02/10-10:56:20.362344 209c98600             Options.write_thread_max_yield_usec: 100
2023/02/10-10:56:20.362344 209c98600            Options.write_thread_slow_yield_usec: 3
2023/02/10-10:56:20.362345 209c98600                               Options.row_cache: None
2023/02/10-10:56:20.362346 209c98600                              Options.wal_filter: None
2023/02/10-10:56:20.362347 209c98600             Options.avoid_flush_during_recovery: 0
2023/02/10-10:56:20.362347 209c98600             Options.allow_ingest_behind: 0
2023/02/10-10:56:20.362348 209c98600             Options.preserve_deletes: 0
2023/02/10-10:56:20.362349 209c98600             Options.two_write_queues: 0
2023/02/10-10:56:20.362349 209c98600             Options.manual_wal_flush: 0
2023/02/10-10:56:20.362350 209c98600             Options.atomic_flush: 0
2023/02/10-10:56:20.362351 209c98600             Options.avoid_unnecessary_blocking_io: 0
2023/02/10-10:56:20.362352 209c98600                 Options.persist_stats_to_disk: 0
2023/02/10-10:56:20.362352 209c98600                 Options.write_dbid_to_manifest: 0
2023/02/10-10:56:20.362353 209c98600                 Options.log_readahead_size: 0
2023/02/10-10:56:20.362354 209c98600                 Options.file_checksum_gen_factory: Unknown
2023/02/10-10:56:20.362355 209c98600                 Options.best_efforts_recovery: 0
2023/02/10-10:56:20.362356 209c98600                Options.max_bgerror_resume_count: 2147483647
2023/02/10-10:56:20.362356 209c98600            Options.bgerror_resume_retry_interval: 1000000
2023/02/10-10:56:20.362357 209c98600             Options.max_background_jobs: 2
2023/02/10-10:56:20.362358 209c98600             Options.max_background_compactions: -1
2023/02/10-10:56:20.362358 209c98600             Options.max_subcompactions: 1
2023/02/10-10:56:20.362359 209c98600             Options.avoid_flush_during_shutdown: 0
2023/02/10-10:56:20.362360 209c98600           Options.writable_file_max_buffer_size: 1048576
2023/02/10-10:56:20.362361 209c98600             Options.delayed_write_rate : 16777216
2023/02/10-10:56:20.362361 209c98600             Options.max_total_wal_size: 0
2023/02/10-10:56:20.362362 209c98600             Options.delete_obsolete_files_period_micros: 21600000000
2023/02/10-10:56:20.362363 209c98600                   Options.stats_dump_period_sec: 600
2023/02/10-10:56:20.362364 209c98600                 Options.stats_persist_period_sec: 600
2023/02/10-10:56:20.362364 209c98600                 Options.stats_history_buffer_size: 1048576
2023/02/10-10:56:20.362365 209c98600                          Options.max_open_files: -1
2023/02/10-10:56:20.362366 209c98600                          Options.bytes_per_sync: 0
2023/02/10-10:56:20.362367 209c98600                      Options.wal_bytes_per_sync: 0
2023/02/10-10:56:20.362367 209c98600                   Options.strict_bytes_per_sync: 0
2023/02/10-10:56:20.362368 209c98600       Options.compaction_readahead_size: 0
2023/02/10-10:56:20.362369 209c98600                  Options.max_background_flushes: -1
2023/02/10-10:56:20.362370 209c98600 Compression algorithms supported:
2023/02/10-10:56:20.362370 209c98600 	kZSTD supported: 1
2023/02/10-10:56:20.362371 209c98600 	kZlibCompression supported: 1
2023/02/10-10:56:20.362372 209c98600 	kXpressCompression supported: 0
2023/02/10-10:56:20.362379 209c98600 	kSnappyCompression supported: 1
2023/02/10-10:56:20.362380 209c98600 	kZSTDNotFinalCompression supported: 1
2023/02/10-10:56:20.362381 209c98600 	kLZ4HCCompression supported: 1
2023/02/10-10:56:20.362381 209c98600 	kLZ4Compression supported: 1
2023/02/10-10:56:20.362382 209c98600 	kBZip2Compression supported: 1
2023/02/10-10:56:20.362384 209c98600 Fast CRC32 supported: Supported on x86
2023/02/10-10:56:20.362565 209c98600 [db/version_set.cc:4560] Recovering from manifest file: /Users/lamiajabinrimty/Documents/Web development/TeestaBank/.dfx/state/replicated_state/node-100/ic_consensus_pool/certification/MANIFEST-000250
2023/02/10-10:56:20.362591 209c98600 [db/column_family.cc:580] --------------- Options for column family [default]:
2023/02/10-10:56:20.362593 209c98600               Options.comparator: leveldb.BytewiseComparator
2023/02/10-10:56:20.362593 209c98600           Options.merge_operator: None
2023/02/10-10:56:20.362594 209c98600        Options.compaction_filter: None
2023/02/10-10:56:20.362595 209c98600        Options.compaction_filter_factory: None
2023/02/10-10:56:20.362596 209c98600  Options.sst_partitioner_factory: None
2023/02/10-10:56:20.362597 209c98600         Options.memtable_factory: SkipListFactory
2023/02/10-10:56:20.362597 209c98600            Options.table_factory: BlockBasedTable
2023/02/10-10:56:20.362610 209c98600            table_factory options:   flush_block_policy_factory: FlushBlockBySizePolicyFactory (0x7fdde5f6c5b0)
  cache_index_and_filter_blocks: 0
  cache_index_and_filter_blocks_with_high_priority: 1
  pin_l0_filter_and_index_blocks_in_cache: 0
  pin_top_level_index_and_filter: 1
  index_type: 0
  data_block_index_type: 0
  index_shortening: 1
  data_block_hash_table_util_ratio: 0.750000
  hash_index_allow_collision: 1
  checksum: 1
  no_block_cache: 0
  block_cache: 0x7fdde5f6ee48
  block_cache_name: LRUCache
  block_cache_options:
    capacity : 8388608
    num_shard_bits : 4
    strict_capacity_limit : 0
    memory_allocator : None
    high_pri_pool_ratio: 0.000
  block_cache_compressed: 0x0
  persistent_cache: 0x0
  block_size: 4096
  block_size_deviation: 10
  block_restart_interval: 16
  index_block_restart_interval: 1
  metadata_block_size: 4096
  partition_filters: 0
  use_delta_encoding: 1
  filter_policy: nullptr
  whole_key_filtering: 1
  verify_compression: 0
  read_amp_bytes_per_bit: 0
  format_version: 4
  enable_index_compression: 1
  block_align: 0
2023/02/10-10:56:20.362611 209c98600        Options.write_buffer_size: 67108864
2023/02/10-10:56:20.362612 209c98600  Options.max_write_buffer_number: 2
2023/02/10-10:56:20.362613 209c98600          Options.compression: Snappy
2023/02/10-10:56:20.362614 209c98600                  Options.bottommost_compression: Disabled
2023/02/10-10:56:20.362615 209c98600       Options.prefix_extractor: nullptr
2023/02/10-10:56:20.362615 209c98600   Options.memtable_insert_with_hint_prefix_extractor: nullptr
2023/02/10-10:56:20.362616 209c98600             Options.num_levels: 7
2023/02/10-10:56:20.362617 209c98600        Options.min_write_buffer_number_to_merge: 1
2023/02/10-10:56:20.362618 209c98600     Options.max_write_buffer_number_to_maintain: 0
2023/02/10-10:56:20.362618 209c98600     Options.max_write_buffer_size_to_maintain: 0
2023/02/10-10:56:20.362619 209c98600            Options.bottommost_compression_opts.window_bits: -14
2023/02/10-10:56:20.362620 209c98600                  Options.bottommost_compression_opts.level: 32767
2023/02/10-10:56:20.362621 209c98600               Options.bottommost_compression_opts.strategy: 0
2023/02/10-10:56:20.362622 209c98600         Options.bottommost_compression_opts.max_dict_bytes: 0
2023/02/10-10:56:20.362623 209c98600         Options.bottommost_compression_opts.zstd_max_train_bytes: 0
2023/02/10-10:56:20.362623 209c98600         Options.bottommost_compression_opts.parallel_threads: 1
2023/02/10-10:56:20.362624 209c98600                  Options.bottommost_compression_opts.enabled: false
2023/02/10-10:56:20.362625 209c98600            Options.compression_opts.window_bits: -14
2023/02/10-10:56:20.362633 209c98600                  Options.compression_opts.level: 32767
2023/02/10-10:56:20.362634 209c98600               Options.compression_opts.strategy: 0
2023/02/10-10:56:20.362635 209c98600         Options.compression_opts.max_dict_bytes: 0
2023/02/10-10:56:20.362636 209c98600         Options.compression_opts.zstd_max_train_bytes: 0
2023/02/10-10:56:20.362637 209c98600         Options.compression_opts.parallel_threads: 1
2023/02/10-10:56:20.362637 209c98600                  Options.compression_opts.enabled: false
2023/02/10-10:56:20.362638 209c98600      Options.level0_file_num_compaction_trigger: 4
2023/02/10-10:56:20.362639 209c98600          Options.level0_slowdown_writes_trigger: 20
2023/02/10-10:56:20.362640 209c98600              Options.level0_stop_writes_trigger: 36
2023/02/10-10:56:20.362641 209c98600                   Options.target_file_size_base: 67108864
2023/02/10-10:56:20.362641 209c98600             Options.target_file_size_multiplier: 1
2023/02/10-10:56:20.362642 209c98600                Options.max_bytes_for_level_base: 268435456
2023/02/10-10:56:20.362643 209c98600 Options.level_compaction_dynamic_level_bytes: 0
2023/02/10-10:56:20.362644 209c98600          Options.max_bytes_for_level_multiplier: 10.000000
2023/02/10-10:56:20.362645 209c98600 Options.max_bytes_for_level_multiplier_addtl[0]: 1
2023/02/10-10:56:20.362646 209c98600 Options.max_bytes_for_level_multiplier_addtl[1]: 1
2023/02/10-10:56:20.362646 209c98600 Options.max_bytes_for_level_multiplier_addtl[2]: 1
2023/02/10-10:56:20.362647 209c98600 Options.max_bytes_for_level_multiplier_addtl[3]: 1
2023/02/10-10:56:20.362648 209c98600 Options.max_bytes_for_level_multiplier_addtl[4]: 1
2023/02/10-10:56:20.362649 209c98600 Options.max_bytes_for_level_multiplier_addtl[5]: 1
2023/02/10-10:56:20.362649 209c98600 Options.max_bytes_for_level_multiplier_addtl[6]: 1
2023/02/10-10:56:20.362650 209c98600       Options.max_sequential_skip_in_iterations: 8
2023/02/10-10:56:20.362651 209c98600                    Options.max_compaction_bytes: 1677721600
2023/02/10-10:56:20.362652 209c98600                        Options.arena_block_size: 8388608
2023/02/10-10:56:20.362653 209c98600   Options.soft_pending_compaction_bytes_limit: 68719476736
2023/02/10-10:56:20.362653 209c98600   Options.hard_pending_compaction_bytes_limit: 274877906944
2023/02/10-10:56:20.362654 209c98600       Options.rate_limit_delay_max_milliseconds: 100
2023/02/10-10:56:20.362655 209c98600                Options.disable_auto_compactions: 0
2023/02/10-10:56:20.362656 209c98600                        Options.compaction_style: kCompactionStyleLevel
2023/02/10-10:56:20.362657 209c98600                          Options.compaction_pri: kMinOverlappingRatio
2023/02/10-10:56:20.362658 209c98600 Options.compaction_options_universal.size_ratio: 1
2023/02/10-10:56:20.362658 209c98600 Options.compaction_options_universal.min_merge_width: 2
2023/02/10-10:56:20.362659 209c98600 Options.compaction_options_universal.max_merge_width: 4294967295
2023/02/10-10:56:20.362660 209c98600 Options.compaction_options_universal.max_size_amplification_percent: 200
2023/02/10-10:56:20.362661 209c98600 Options.compaction_options_universal.compression_size_percent: -1
2023/02/10-10:56:20.362662 209c98600 Options.compaction_options_universal.stop_style: kCompactionStopStyleTotalSize
2023/02/10-10:56:20.362662 209c98600 Options.compaction_options_fifo.max_table_files_size: 1073741824
2023/02/10-10:56:20.362663 209c98600 Options.compaction_options_fifo.allow_compaction: 0
2023/02/10-10:56:20.362664 209c98600                   Options.table_properties_collectors: 
2023/02/10-10:56:20.362665 209c98600                   Options.inplace_update_support: 0
2023/02/10-10:56:20.362666 209c98600                 Options.inplace_update_num_locks: 10000
2023/02/10-10:56:20.362667 209c98600               Options.memtable_prefix_bloom_size_ratio: 0.000000
2023/02/10-10:56:20.362668 209c98600               Options.memtable_whole_key_filtering: 0
2023/02/10-10:56:20.362676 209c98600   Options.memtable_huge_page_size: 0
2023/02/10-10:56:20.362677 209c98600                           Options.bloom_locality: 0
2023/02/10-10:56:20.362677 209c98600                    Options.max_successive_merges: 0
2023/02/10-10:56:20.362678 209c98600                Options.optimize_filters_for_hits: 0
2023/02/10-10:56:20.362679 209c98600                Options.paranoid_file_checks: 0
2023/02/10-10:56:20.362680 209c98600                Options.force_consistency_checks: 0
2023/02/10-10:56:20.362680 209c98600                Options.report_bg_io_stats: 0
2023/02/10-10:56:20.362681 209c98600                               Options.ttl: 2592000
2023/02/10-10:56:20.362682 209c98600          Options.periodic_compaction_seconds: 0
2023/02/10-10:56:20.362828 209c98600 [db/column_family.cc:580] --------------- Options for column family [CE]:
2023/02/10-10:56:20.362829 209c98600               Options.comparator: leveldb.BytewiseComparator
2023/02/10-10:56:20.362830 209c98600           Options.merge_operator: None
2023/02/10-10:56:20.362831 209c98600        Options.compaction_filter: filter_outdated
2023/02/10-10:56:20.362832 209c98600        Options.compaction_filter_factory: None
2023/02/10-10:56:20.362832 209c98600  Options.sst_partitioner_factory: None
2023/02/10-10:56:20.362833 209c98600         Options.memtable_factory: SkipListFactory
2023/02/10-10:56:20.362834 209c98600            Options.table_factory: BlockBasedTable
2023/02/10-10:56:20.362843 209c98600            table_factory options:   flush_block_policy_factory: FlushBlockBySizePolicyFactory (0x7fdde5f6c880)
  cache_index_and_filter_blocks: 0
  cache_index_and_filter_blocks_with_high_priority: 1
  pin_l0_filter_and_index_blocks_in_cache: 0
  pin_top_level_index_and_filter: 1
  index_type: 0
  data_block_index_type: 0
  index_shortening: 1
  data_block_hash_table_util_ratio: 0.750000
  hash_index_allow_collision: 1
  checksum: 1
  no_block_cache: 0
  block_cache: 0x7fdde5f6d7e8
  block_cache_name: LRUCache
  block_cache_options:
    capacity : 8388608
    num_shard_bits : 4
    strict_capacity_limit : 0
    memory_allocator : None
    high_pri_pool_ratio: 0.000
  block_cache_compressed: 0x0
  persistent_cache: 0x0
  block_size: 4096
  block_size_deviation: 10
  block_restart_interval: 16
  index_block_restart_interval: 1
  metadata_block_size: 4096
  partition_filters: 0
  use_delta_encoding: 1
  filter_policy: nullptr
  whole_key_filtering: 1
  verify_compression: 0
  read_amp_bytes_per_bit: 0
  format_version: 4
  enable_index_compression: 1
  block_align: 0
2023/02/10-10:56:20.362844 209c98600        Options.write_buffer_size: 67108864
2023/02/10-10:56:20.362845 209c98600  Options.max_write_buffer_number: 2
2023/02/10-10:56:20.362846 209c98600          Options.compression: NoCompression
2023/02/10-10:56:20.362846 209c98600                  Options.bottommost_compression: Disabled
2023/02/10-10:56:20.362847 209c98600       Options.prefix_extractor: nullptr
2023/02/10-10:56:20.362848 209c98600   Options.memtable_insert_with_hint_prefix_extractor: nullptr
2023/02/10-10:56:20.362849 209c98600             Options.num_levels: 7
2023/02/10-10:56:20.362849 209c98600        Options.min_write_buffer_number_to_merge: 1
2023/02/10-10:56:20.362850 209c98600     Options.max_write_buffer_number_to_maintain: 0
2023/02/10-10:56:20.362851 209c98600     Options.max_write_buffer_size_to_maintain: 0
2023/02/10-10:56:20.362852 209c98600            Options.bottommost_compression_opts.window_bits: -14
2023/02/10-10:56:20.362852 209c98600                  Options.bottommost_compression_opts.level: 32767
2023/02/10-10:56:20.362853 209c98600               Options.bottommost_compression_opts.strategy: 0
2023/02/10-10:56:20.362854 209c98600         Options.bottommost_compression_opts.max_dict_bytes: 0
2023/02/10-10:56:20.362855 209c98600         Options.bottommost_compression_opts.zstd_max_train_bytes: 0
2023/02/10-10:56:20.362856 209c98600         Options.bottommost_compression_opts.parallel_threads: 1
2023/02/10-10:56:20.362856 209c98600                  Options.bottommost_compression_opts.enabled: false
2023/02/10-10:56:20.362865 209c98600            Options.compression_opts.window_bits: -14
2023/02/10-10:56:20.362866 209c98600                  Options.compression_opts.level: 32767
2023/02/10-10:56:20.362866 209c98600               Options.compression_opts.strategy: 0
2023/02/10-10:56:20.362867 209c98600         Options.compression_opts.max_dict_bytes: 0
2023/02/10-10:56:20.362868 209c98600         Options.compression_opts.zstd_max_train_bytes: 0
2023/02/10-10:56:20.362869 209c98600         Options.compression_opts.parallel_threads: 1
2023/02/10-10:56:20.362869 209c98600                  Options.compression_opts.enabled: false
2023/02/10-10:56:20.362870 209c98600      Options.level0_file_num_compaction_trigger: 4
2023/02/10-10:56:20.362871 209c98600          Options.level0_slowdown_writes_trigger: 20
2023/02/10-10:56:20.362872 209c98600              Options.level0_stop_writes_trigger: 36
2023/02/10-10:56:20.362872 209c98600                   Options.target_file_size_base: 67108864
2023/02/10-10:56:20.362873 209c98600             Options.target_file_size_multiplier: 1
2023/02/10-10:56:20.362874 209c98600                Options.max_bytes_for_level_base: 268435456
2023/02/10-10:56:20.362875 209c98600 Options.level_compaction_dynamic_level_bytes: 0
2023/02/10-10:56:20.362876 209c98600          Options.max_bytes_for_level_multiplier: 10.000000
2023/02/10-10:56:20.362877 209c98600 Options.max_bytes_for_level_multiplier_addtl[0]: 1
2023/02/10-10:56:20.362877 209c98600 Options.max_bytes_for_level_multiplier_addtl[1]: 1
2023/02/10-10:56:20.362878 209c98600 Options.max_bytes_for_level_multiplier_addtl[2]: 1
2023/02/10-10:56:20.362879 209c98600 Options.max_bytes_for_level_multiplier_addtl[3]: 1
2023/02/10-10:56:20.362880 209c98600 Options.max_bytes_for_level_multiplier_addtl[4]: 1
2023/02/10-10:56:20.362880 209c98600 Options.max_bytes_for_level_multiplier_addtl[5]: 1
2023/02/10-10:56:20.362881 209c98600 Options.max_bytes_for_level_multiplier_addtl[6]: 1
2023/02/10-10:56:20.362882 209c98600       Options.max_sequential_skip_in_iterations: 8
2023/02/10-10:56:20.362883 209c98600                    Options.max_compaction_bytes: 1677721600
2023/02/10-10:56:20.362884 209c98600                        Options.arena_block_size: 8388608
2023/02/10-10:56:20.362884 209c98600   Options.soft_pending_compaction_bytes_limit: 68719476736
2023/02/10-10:56:20.362885 209c98600   Options.hard_pending_compaction_bytes_limit: 274877906944
2023/02/10-10:56:20.362886 209c98600       Options.rate_limit_delay_max_milliseconds: 100
2023/02/10-10:56:20.362887 209c98600                Options.disable_auto_compactions: 1
2023/02/10-10:56:20.362887 209c98600                        Options.compaction_style: kCompactionStyleLevel
2023/02/10-10:56:20.362888 209c98600                          Options.compaction_pri: kMinOverlappingRatio
2023/02/10-10:56:20.362889 209c98600 Options.compaction_options_universal.size_ratio: 1
2023/02/10-10:56:20.362890 209c98600 Options.compaction_options_universal.min_merge_width: 2
2023/02/10-10:56:20.362890 209c98600 Options.compaction_options_universal.max_merge_width: 4294967295
2023/02/10-10:56:20.362891 209c98600 Options.compaction_options_universal.max_size_amplification_percent: 200
2023/02/10-10:56:20.362892 209c98600 Options.compaction_options_universal.compression_size_percent: -1
2023/02/10-10:56:20.362893 209c98600 Options.compaction_options_universal.stop_style: kCompactionStopStyleTotalSize
2023/02/10-10:56:20.362894 209c98600 Options.compaction_options_fifo.max_table_files_size: 1073741824
2023/02/10-10:56:20.362895 209c98600 Options.compaction_options_fifo.allow_compaction: 0
2023/02/10-10:56:20.362895 209c98600                   Options.table_properties_collectors: 
2023/02/10-10:56:20.362896 209c98600                   Options.inplace_update_support: 0
2023/02/10-10:56:20.362897 209c98600                 Options.inplace_update_num_locks: 10000
2023/02/10-10:56:20.362898 209c98600               Options.memtable_prefix_bloom_size_ratio: 0.000000
2023/02/10-10:56:20.362899 209c98600               Options.memtable_whole_key_filtering: 0
2023/02/10-10:56:20.362908 209c98600   Options.memtable_huge_page_size: 0
2023/02/10-10:56:20.362909 209c98600                           Options.bloom_locality: 0
2023/02/10-10:56:20.362910 209c98600                    Options.max_successive_merges: 0
2023/02/10-10:56:20.362911 209c98600                Options.optimize_filters_for_hits: 0
2023/02/10-10:56:20.362911 209c98600                Options.paranoid_file_checks: 0
2023/02/10-10:56:20.362912 209c98600                Options.force_consistency_checks: 0
2023/02/10-10:56:20.362913 209c98600                Options.report_bg_io_stats: 0
2023/02/10-10:56:20.362914 209c98600                               Options.ttl: 2592000
2023/02/10-10:56:20.362914 209c98600          Options.periodic_compaction_seconds: 2592000
2023/02/10-10:56:20.362939 209c98600 [db/column_family.cc:580] --------------- Options for column family [CES]:
2023/02/10-10:56:20.362941 209c98600               Options.comparator: leveldb.BytewiseComparator
2023/02/10-10:56:20.362941 209c98600           Options.merge_operator: None
2023/02/10-10:56:20.362942 209c98600        Options.compaction_filter: filter_outdated
2023/02/10-10:56:20.362943 209c98600        Options.compaction_filter_factory: None
2023/02/10-10:56:20.362944 209c98600  Options.sst_partitioner_factory: None
2023/02/10-10:56:20.362944 209c98600         Options.memtable_factory: SkipListFactory
2023/02/10-10:56:20.362945 209c98600            Options.table_factory: BlockBasedTable
2023/02/10-10:56:20.362953 209c98600            table_factory options:   flush_block_policy_factory: FlushBlockBySizePolicyFactory (0x7fdde5f6ac70)
  cache_index_and_filter_blocks: 0
  cache_index_and_filter_blocks_with_high_priority: 1
  pin_l0_filter_and_index_blocks_in_cache: 0
  pin_top_level_index_and_filter: 1
  index_type: 0
  data_block_index_type: 0
  index_shortening: 1
  data_block_hash_table_util_ratio: 0.750000
  hash_index_allow_collision: 1
  checksum: 1
  no_block_cache: 0
  block_cache: 0x7fdde5f6e288
  block_cache_name: LRUCache
  block_cache_options:
    capacity : 8388608
    num_shard_bits : 4
    strict_capacity_limit : 0
    memory_allocator : None
    high_pri_pool_ratio: 0.000
  block_cache_compressed: 0x0
  persistent_cache: 0x0
  block_size: 4096
  block_size_deviation: 10
  block_restart_interval: 16
  index_block_restart_interval: 1
  metadata_block_size: 4096
  partition_filters: 0
  use_delta_encoding: 1
  filter_policy: nullptr
  whole_key_filtering: 1
  verify_compression: 0
  read_amp_bytes_per_bit: 0
  format_version: 4
  enable_index_compression: 1
  block_align: 0
2023/02/10-10:56:20.362954 209c98600        Options.write_buffer_size: 67108864
2023/02/10-10:56:20.362955 209c98600  Options.max_write_buffer_number: 2
2023/02/10-10:56:20.362956 209c98600          Options.compression: NoCompression
2023/02/10-10:56:20.362956 209c98600                  Options.bottommost_compression: Disabled
2023/02/10-10:56:20.362957 209c98600       Options.prefix_extractor: nullptr
2023/02/10-10:56:20.362958 209c98600   Options.memtable_insert_with_hint_prefix_extractor: nullptr
2023/02/10-10:56:20.362959 209c98600             Options.num_levels: 7
2023/02/10-10:56:20.362959 209c98600        Options.min_write_buffer_number_to_merge: 1
2023/02/10-10:56:20.362960 209c98600     Options.max_write_buffer_number_to_maintain: 0
2023/02/10-10:56:20.362961 209c98600     Options.max_write_buffer_size_to_maintain: 0
2023/02/10-10:56:20.362961 209c98600            Options.bottommost_compression_opts.window_bits: -14
2023/02/10-10:56:20.362962 209c98600                  Options.bottommost_compression_opts.level: 32767
2023/02/10-10:56:20.362963 209c98600               Options.bottommost_compression_opts.strategy: 0
2023/02/10-10:56:20.362964 209c98600         Options.bottommost_compression_opts.max_dict_bytes: 0
2023/02/10-10:56:20.362964 209c98600         Options.bottommost_compression_opts.zstd_max_train_bytes: 0
2023/02/10-10:56:20.362965 209c98600         Options.bottommost_compression_opts.parallel_threads: 1
2023/02/10-10:56:20.362972 209c98600                  Options.bottommost_compression_opts.enabled: false
2023/02/10-10:56:20.362973 209c98600            Options.compression_opts.window_bits: -14
2023/02/10-10:56:20.362974 209c98600                  Options.compression_opts.level: 32767
2023/02/10-10:56:20.362975 209c98600               Options.compression_opts.strategy: 0
2023/02/10-10:56:20.362976 209c98600         Options.compression_opts.max_dict_bytes: 0
2023/02/10-10:56:20.362976 209c98600         Options.compression_opts.zstd_max_train_bytes: 0
2023/02/10-10:56:20.362977 209c98600         Options.compression_opts.parallel_threads: 1
2023/02/10-10:56:20.362978 209c98600                  Options.compression_opts.enabled: false
2023/02/10-10:56:20.362978 209c98600      Options.level0_file_num_compaction_trigger: 4
2023/02/10-10:56:20.362979 209c98600          Options.level0_slowdown_writes_trigger: 20
2023/02/10-10:56:20.362980 209c98600              Options.level0_stop_writes_trigger: 36
2023/02/10-10:56:20.362981 209c98600                   Options.target_file_size_base: 67108864
2023/02/10-10:56:20.362981 209c98600             Options.target_file_size_multiplier: 1
2023/02/10-10:56:20.362982 209c98600                Options.max_bytes_for_level_base: 268435456
2023/02/10-10:56:20.362983 209c98600 Options.level_compaction_dynamic_level_bytes: 0
2023/02/10-10:56:20.362984 209c98600          Options.max_bytes_for_level_multiplier: 10.000000
2023/02/10-10:56:20.362984 209c98600 Options.max_bytes_for_level_multiplier_addtl[0]: 1
2023/02/10-10:56:20.362985 209c98600 Options.max_bytes_for_level_multiplier_addtl[1]: 1
2023/02/10-10:56:20.362986 209c98600 Options.max_bytes_for_level_multiplier_addtl[2]: 1
2023/02/10-10:56:20.362987 209c98600 Options.max_bytes_for_level_multiplier_addtl[3]: 1
2023/02/10-10:56:20.362987 209c98600 Options.max_bytes_for_level_multiplier_addtl[4]: 1
2023/02/10-10:56:20.362988 209c98600 Options.max_bytes_for_level_multiplier_addtl[5]: 1
2023/02/10-10:56:20.362989 209c98600 Options.max_bytes_for_level_multiplier_addtl[6]: 1
2023/02/10-10:56:20.362990 209c98600       Options.max_sequential_skip_in_iterations: 8
2023/02/10-10:56:20.362990 209c98600                    Options.max_compaction_bytes: 1677721600
2023/02/10-10:56:20.362991 209c98600                        Options.arena_block_size: 8388608
2023/02/10-10:56:20.362992 209c98600   Options.soft_pending_compaction_bytes_limit: 68719476736
2023/02/10-10:56:20.362993 209c98600   Options.hard_pending_compaction_bytes_limit: 274877906944
2023/02/10-10:56:20.362993 209c98600       Options.rate_limit_delay_max_milliseconds: 100
2023/02/10-10:56:20.362994 209c98600                Options.disable_auto_compactions: 1
2023/02/10-10:56:20.362995 209c98600                        Options.compaction_style: kCompactionStyleLevel
2023/02/10-10:56:20.362996 209c98600                          Options.compaction_pri: kMinOverlappingRatio
2023/02/10-10:56:20.362996 209c98600 Options.compaction_options_universal.size_ratio: 1
2023/02/10-10:56:20.362997 209c98600 Options.compaction_options_universal.min_merge_width: 2
2023/02/10-10:56:20.362998 209c98600 Options.compaction_options_universal.max_merge_width: 4294967295
2023/02/10-10:56:20.362999 209c98600 Options.compaction_options_universal.max_size_amplification_percent: 200
2023/02/10-10:56:20.362999 209c98600 Options.compaction_options_universal.compression_size_percent: -1
2023/02/10-10:56:20.363000 209c98600 Options.compaction_options_universal.stop_style: kCompactionStopStyleTotalSize
2023/02/10-10:56:20.363001 209c98600 Options.compaction_options_fifo.max_table_files_size: 1073741824
2023/02/10-10:56:20.363002 209c98600 Options.compaction_options_fifo.allow_compaction: 0
2023/02/10-10:56:20.363003 209c98600                   Options.table_properties_collectors: 
2023/02/10-10:56:20.363003 209c98600                   Options.inplace_update_support: 0
2023/02/10-10:56:20.363004 209c98600                 Options.inplace_update_num_locks: 10000
2023/02/10-10:56:20.363005 209c98600               Options.memtable_prefix_bloom_size_ratio: 0.000000
2023/02/10-10:56:20.363013 209c98600               Options.memtable_whole_key_filtering: 0
2023/02/10-10:56:20.363014 209c98600   Options.memtable_huge_page_size: 0
2023/02/10-10:56:20.363014 209c98600                           Options.bloom_locality: 0
2023/02/10-10:56:20.363015 209c98600                    Options.max_successive_merges: 0
2023/02/10-10:56:20.363016 209c98600                Options.optimize_filters_for_hits: 0
2023/02/10-10:56:20.363016 209c98600                Options.paranoid_file_checks: 0
2023/02/10-10:56:20.363017 209c98600                Options.force_consistency_checks: 0
2023/02/10-10:56:20.363018 209c98600                Options.report_bg_io_stats: 0
2023/02/10-10:56:20.363019 209c98600                               Options.ttl: 2592000
2023/02/10-10:56:20.363019 209c98600          Options.periodic_compaction_seconds: 2592000
2023/02/10-10:56:20.364485 209c98600 [db/version_set.cc:4718] Recovered from manifest file:/Users/lamiajabinrimty/Documents/Web development/TeestaBank/.dfx/state/replicated_state/node-100/ic_consensus_pool/certification/MANIFEST-000250 succeeded,manifest_file_number is 250, next_file_number is 257, last_sequence is 153574, log_number is 243,prev_log_number is 0,max_column_family is 2,min_log_number_to_keep is 0
2023/02/10-10:56:20.364488 209c98600 [db/version_set.cc:4727] Column family [default] (ID 0), log number is 243
2023/02/10-10:56:20.364489 209c98600 [db/version_set.cc:4727] Column family [CE] (ID 1), log number is 243
2023/02/10-10:56:20.364490 209c98600 [db/version_set.cc:4727] Column family [CES] (ID 2), log number is 243
2023/02/10-10:56:20.364722 209c98600 EVENT_LOG_v1 {"time_micros": 1676022980364718, "job": 1, "event": "recovery_started", "log_files": [251]}
2023/02/10-10:56:20.364724 209c98600 [db/db_impl/db_impl_open.cc:823] Recovering log #251 mode 2
2023/02/10-10:56:20.366440 209c98600 EVENT_LOG_v1 {"time_micros": 1676022980366417, "cf_name": "CE", "job": 1, "event": "table_file_creation", "file_number": 257, "file_size": 114561, "table_properties": {"data_size": 113172, "index_size": 567, "index_partitions": 0, "top_level_index_size": 0, "index_key_is_user_key": 1, "index_value_is_delta_encoded": 1, "filter_size": 0, "raw_key_size": 26688, "raw_average_key_size": 48, "raw_value_size": 87292, "raw_average_value_size": 157, "num_data_blocks": 28, "num_entries": 556, "num_deletions": 0, "num_merge_operands": 0, "num_range_deletions": 0, "format_version": 0, "fixed_key_len": 0, "filter_policy": "", "column_family_name": "CE", "column_family_id": 1, "comparator": "leveldb.BytewiseComparator", "merge_operator": "nullptr", "prefix_extractor_name": "nullptr", "property_collectors": "[]", "compression": "NoCompression", "compression_options": "window_bits=-14; level=32767; strategy=0; max_dict_bytes=0; zstd_max_train_bytes=0; enabled=0; ", "creation_time": 1676022980, "oldest_key_time": 0, "file_creation_time": 0, "db_id": "1741ce88fcc5c570-e702ab5fd53f5743", "db_session_id": "WDT5TY0BTFMXLJQYUY3W"}}
2023/02/10-10:56:20.366918 209c98600 EVENT_LOG_v1 {"time_micros": 1676022980366896, "cf_name": "CES", "job": 1, "event": "table_file_creation", "file_number": 258, "file_size": 105615, "table_properties": {"data_size": 104244, "index_size": 548, "index_partitions": 0, "top_level_index_size": 0, "index_key_is_user_key": 1, "index_value_is_delta_encoded": 1, "filter_size": 0, "raw_key_size": 26688, "raw_average_key_size": 48, "raw_value_size": 78396, "raw_average_value_size": 141, "num_data_blocks": 27, "num_entries": 556, "num_deletions": 0, "num_merge_operands": 0, "num_range_deletions": 0, "format_version": 0, "fixed_key_len": 0, "filter_policy": "", "column_family_name": "CES", "column_family_id": 2, "comparator": "leveldb.BytewiseComparator", "merge_operator": "nullptr", "prefix_extractor_name": "nullptr", "property_collectors": "[]", "compression": "NoCompression", "compression_options": "window_bits=-14; level=32767; strategy=0; max_dict_bytes=0; zstd_max_train_bytes=0; enabled=0; ", "creation_time": 1676022980, "oldest_key_time": 0, "file_creation_time": 0, "db_id": "1741ce88fcc5c570-e702ab5fd53f5743", "db_session_id": "WDT5TY0BTFMXLJQYUY3W"}}
2023/02/10-10:56:20.366947 209c98600 [db/version_set.cc:3950] Creating manifest 259
2023/02/10-10:56:20.367229 209c98600 EVENT_LOG_v1 {"time_micros": 1676022980367227, "job": 1, "event": "recovery_finished"}
2023/02/10-10:56:20.367959 209c98600 [file/delete_scheduler.cc:73] Deleted file /Users/lamiajabinrimty/Documents/Web development/TeestaBank/.dfx/state/replicated_state/node-100/ic_consensus_pool/certification/000251.log immediately, rate_bytes_per_sec 0, total_trash_size 0 max_trash_db_ratio 0.250000
2023/02/10-10:56:20.369172 209c98600 [db/db_impl/db_impl_open.cc:1639] SstFileManager instance 0x7fdde5f6fc90
2023/02/10-10:56:20.369226 209c98600 DB pointer 0x7fdde61b3600
2023/02/10-10:56:21.176501 32ebf8000 [db/db_impl/db_impl_compaction_flush.cc:1524] [CE] Manual compaction starting
2023/02/10-10:56:21.176817 3171d9000 (Original Log Time 2023/02/10-10:56:21.176782) [db/db_impl/db_impl_compaction_flush.cc:2601] [CE] Manual compaction from level-0 to level-1 from '00000000000000000000000000000000000000000000000000000000000000000000000000000000' seq:72057594037927935, type:20 .. '0000000000012DF40000000000000000000000000000000000000000000000000000000000000000' seq:0, type:0; will stop at (end)
2023/02/10-10:56:21.176829 3171d9000 [db/compaction/compaction_job.cc:1762] [CE] [JOB 3] Compacting 1@0 files to L1, score -1.00
2023/02/10-10:56:21.176837 3171d9000 [db/compaction/compaction_job.cc:1766] [CE] Compaction start summary: Base version 7 Base level 0, inputs: [257(111KB)]
2023/02/10-10:56:21.176871 3171d9000 EVENT_LOG_v1 {"time_micros": 1676022981176847, "job": 3, "event": "compaction_started", "compaction_reason": "ManualCompaction", "files_L0": [257], "score": -1, "input_data_size": 114561}
2023/02/10-10:56:21.194717 3171d9000 [db/compaction/compaction_job.cc:1428] [CE] [JOB 3] Generated table #263: 44 keys, 9904 bytes
